bsacompactcharge3p3angpore,bsacompactcharge10nmpore,bsacompactcharge20nmpore,bsacompact3p3angpore,bsacompact10nmpore,bsacompact20nmpore,bsalinearcharge3p3angpore,bsalinearcharge10nmpore,bsalinearcharge20nmpore,bsalinear3p3angpore,bsalinear10nmpore,bsalinear20nmpore,BSAsequence,MAXVOLUME,position,positionCharge
0,0,0,0,0,0,0,0,0,0,0,0,'D',87,0,0
-0.714285714285714,-0.714285714285714,-0.714285714285714,2.071716666666669,2.071716666666669,2.071716666666669,-0.999206302,-0.999206302,-0.999206302,0.1226,0.1226,0.1226,'T',87,0.3299999999999983,0.3326999999999884
-0.714285714285714,-1.428571428571429,-1.428571428571429,2.071716666666669,4.143433333333339,4.143433333333339,0,-0.999206302,-0.999206302,0.1276,0.2502,0.2502,'H',87,0.6599999999999966,0.6660299999999921
-0.714285714285714,-2.142857142857143,-2.142857142857143,2.071716666666669,6.215150000000008,6.215150000000008,0.09090909100000001,-0.908297211,-0.908297211,0.1641,0.4142999999999999,0.4142999999999999,'K',87,0.9900000000000091,0.9993599999999958
-0.714285714285714,-2.857142857142857,-2.857142857142857,2.071716666666669,8.286866666666677,8.286866666666677,0.999841536,0.09154432500000001,0.09154432500000001,0.1802,0.5945,0.5945,'S',87,1.320000000000022,1.332689999999999
-0.714285714285714,-3.571428571428572,-3.571428571428572,2.071716666666669,10.35858333333335,10.35858333333335,0,0.09154432500000001,0.09154432500000001,0.1002,0.6947000000000001,0.6947000000000001,'E',87,1.650000000000006,1.666019999999989
-0.714285714285714,-4.285714285714286,-4.285714285714286,2.071716666666669,12.43030000000002,12.43030000000002,-0.9980087110000001,-0.906464386,-0.906464386,0.1427,0.8374000000000001,0.8374000000000001,'I',87,1.980000000000004,1.999349999999993
-0.714285714285714,-5,-5,2.071716666666669,14.50201666666669,14.50201666666669,0,-0.906464386,-0.906464386,0.1786,1.016,1.016,'A',87,2.310000000000002,2.332679999999996
-0.714285714285714,-5.714285714285714,-5.714285714285714,2.071716666666669,16.57373333333336,16.57373333333336,0,-0.906464386,-0.906464386,0.1003,1.1163,1.1163,'H',87,2.640000000000001,2.66601
-0.714285714285714,-6.42857142857143,-6.42857142857143,2.071716666666669,18.64545000000003,18.64545000000003,0.09090909100000001,-0.815555295,-0.815555295,0.1641,1.2804,1.2804,'R',87,2.969999999999999,2.999339999999989
-0.714285714285714,-7.142857142857143,-7.142857142857143,2.071716666666669,20.7171666666667,20.7171666666667,0.9999968380000001,0.184441543,0.184441543,0.2115,1.4919,1.4919,'F',87,3.299999999999997,3.332669999999993
-0.714285714285714,-7.857142857142859,-7.857142857142859,2.071716666666669,22.78888333333337,22.78888333333337,0,0.184441543,0.184441543,0.2013,1.6932,1.6932,'K',87,3.63000000000001,3.665999999999997
-0.714285714285714,-8.571428571428571,-8.571428571428571,2.071716666666669,24.86060000000004,24.86060000000004,0.999841536,1.184283079,1.184283079,0.1802,1.8734,1.8734,'D',87,3.960000000000022,3.99933
-0.714285714285714,-9.285714285714286,-9.285714285714286,2.071716666666669,26.93231666666671,26.93231666666671,-0.999206302,0.185076777,0.185076777,0.1226,1.996,1.996,'L',87,4.290000000000006,4.33265999999999
-0.714285714285714,-9.999999999999998,-9.999999999999998,2.071716666666669,29.00403333333339,29.00403333333339,0,0.185076777,0.185076777,0.1786,2.1746,2.1746,'G',87,4.620000000000005,4.665989999999994
-0.5714285714285711,-10.57142857142857,-10.57142857142857,2.071716666666669,31.07575000000006,31.07575000000006,0,0.185076777,0.185076777,0.0718,2.2464,2.2464,'E',87,4.950000000000003,4.999319999999997
-0.5714285714285711,-11.14285714285714,-11.14285714285714,2.071716666666669,33.14746666666672,33.14746666666672,-0.9980087110000001,-0.8129319340000001,-0.8129319340000001,0.1427,2.3891,2.3891,'E',87,5.280000000000001,5.332650000000001
-0.5714285714285711,-11.71428571428571,-11.71428571428571,2.071716666666669,35.21918333333338,35.21918333333338,-0.9980087110000001,-1.810940645,-1.810940645,0.1427,2.5318,2.5318,'H',87,5.609999999999999,5.66597999999999
-0.5714285714285711,-12.28571428571428,-12.28571428571428,2.071716666666669,37.29090000000005,37.29090000000005,0.09090909100000001,-1.720031554,-1.720031554,0.1641,2.695899999999999,2.695899999999999,'F',87,5.939999999999998,5.999309999999994
-0.5714285714285711,-12.85714285714285,-12.85714285714285,2.071716666666669,39.36261666666672,39.36261666666672,0,-1.720031554,-1.720031554,0.2013,2.8972,2.8972,'K',87,6.27000000000001,6.332639999999998
-0.5714285714285711,-13.42857142857143,-13.42857142857143,2.071716666666669,41.43433333333339,41.43433333333339,0.999841536,-0.720190018,-0.720190018,0.1802,3.077399999999999,3.077399999999999,'G',87,6.600000000000023,6.665970000000002
-0.5714285714285711,-14,-14,2.071716666666669,43.50605000000005,43.50605000000005,0,-0.720190018,-0.720190018,0.0718,3.1492,3.1492,'L',87,6.930000000000007,6.999299999999991
-0.5714285714285711,-14.57142857142857,-14.57142857142857,2.071716666666669,45.57776666666672,45.57776666666672,0,-0.720190018,-0.720190018,0.1786,3.3278,3.3278,'V',87,7.260000000000005,7.332629999999995
-0.5714285714285711,-15.14285714285714,-15.14285714285714,2.071716666666669,47.64948333333339,47.64948333333339,0,-0.720190018,-0.720190018,0.1508,3.478600000000001,3.478600000000001,'L',87,7.590000000000003,7.665959999999998
-0.5714285714285711,-15.71428571428571,-15.71428571428571,2.071716666666669,49.72120000000006,49.72120000000006,0,-0.720190018,-0.720190018,0.1786,3.6572,3.6572,'I',87,7.920000000000002,7.999290000000002
-0.5714285714285711,-16.28571428571428,-16.28571428571428,2.071716666666669,51.79291666666672,51.79291666666672,0,-0.720190018,-0.720190018,0.1786,3.8358,3.8358,'A',87,8.25,8.332619999999991
-0.5714285714285711,-16.85714285714285,-16.85714285714285,2.071716666666669,53.86463333333339,53.86463333333339,0,-0.720190018,-0.720190018,0.1003,3.9361,3.9361,'F',87,8.579999999999998,8.665949999999995
-0.5714285714285711,-17.42857142857143,-17.42857142857143,2.071716666666669,55.93635000000006,55.93635000000006,0,-0.720190018,-0.720190018,0.2013,4.1374,4.1374,'S',87,8.909999999999997,8.999279999999999
-0.5714285714285711,-18,-18,2.071716666666669,58.00806666666673,58.00806666666673,0,-0.720190018,-0.720190018,0.1002,4.2376,4.2376,'Q',87,9.240000000000009,9.332609999999988
0,-18,-18,2.071716666666669,60.0797833333334,60.0797833333334,0,-0.720190018,-0.720190018,0.156,4.393599999999999,4.393599999999999,'Y',87,9.570000000000022,9.665939999999992
0,-18,-18,2.071716666666669,62.15150000000006,62.15150000000006,-0.000125877,-0.720315895,-0.720315895,0.2045,4.5981,4.5981,'L',87,9.900000000000006,9.999269999999996
0,-17.28571428571428,-18,2.071716666666669,62.15150000000006,64.22321666666673,0,0.278890407,-0.720315895,0.1786,4.654100000000001,4.7767,'Q',87,10.23,10.3326
0,-16.57142857142857,-18,2.071716666666669,62.15150000000006,66.29493333333339,0,0.278890407,-0.720315895,0.156,4.6825,4.932700000000001,'Q',87,10.56,10.66592999999999
0,-15.85714285714285,-18,2.071716666666669,62.15150000000006,68.36665000000008,0,0.187981316,-0.720315895,0.156,4.6744,5.088700000000001,'C',87,10.89,10.99925999999999
0,-15.14285714285714,-18,2.071716666666669,62.15150000000006,70.43836666666674,-0.047726721,-0.8595869410000001,-0.768042616,0.1219,4.6161,5.210599999999999,'P',87,11.22,11.33259
0,-14.42857142857143,-18,2.071716666666669,62.15150000000006,72.51008333333343,0,-0.8595869410000001,-0.768042616,0.1346,4.6505,5.345200000000001,'F',87,11.55,11.66592
0,-13.71428571428571,-18,2.071716666666669,62.15150000000006,74.58180000000009,0,0.13842177,-0.768042616,0.2013,4.709099999999999,5.5465,'D',87,11.88000000000001,11.99924999999999
0,-13,-18,2.071716666666669,62.15150000000006,76.65351666666676,-0.999206302,-0.860784532,-1.767248918,0.1226,4.6531,5.6691,'E',87,12.21000000000002,12.33257999999999
0,-12.28571428571428,-18,2.071716666666669,62.15150000000006,78.72523333333343,-0.9980087110000001,-1.858793243,-2.765257629,0.1427,4.695500000000001,5.8118,'H',87,12.54000000000001,12.66591
0,-11.57142857142857,-18,2.071716666666669,62.15150000000006,80.79695000000012,0.09090909100000001,-1.858793243,-2.674348538,0.1641,4.6955,5.9759,'V',87,12.87,12.99924
0,-10.85714285714285,-18,2.071716666666669,62.15150000000006,82.86866666666678,0,-2.858790081,-2.674348538,0.1508,4.6348,6.1267,'K',87,13.2,13.33256999999999
0,-10.14285714285714,-18,2.071716666666669,62.15150000000006,84.94038333333347,0.999841536,-1.858948545,-1.674507002,0.1802,4.613700000000001,6.306900000000001,'L',87,13.53,13.66589999999999
0,-9.428571428571427,-18,2.071716666666669,62.15150000000006,87.01210000000015,0,-2.858790081,-1.674507002,0.1786,4.612100000000001,6.485500000000001,'V',87,13.86,13.99923
0,-8.714285714285714,-18,0,60.0797833333334,87.01210000000015,0,-1.859583779,-1.674507002,0.1508,4.640299999999999,6.6363,'N',87,14.19,14.33256
,-7.999999999999998,-18,0,58.00806666666673,87.01210000000015,0,-1.859583779,-1.674507002,0.1296,4.5913,6.765900000000001,'E',87,14.52000000000001,14.66588999999999
,-7.428571428571426,-18,0,55.93635000000006,87.01210000000015,-0.9980087110000001,-2.85759249,-2.672515713,0.1427,4.662199999999999,6.908600000000001,'L',87,14.85000000000002,14.99921999999999
,-6.857142857142855,-18,0,53.86463333333339,87.01210000000015,0,-1.859583779,-2.672515713,0.1786,4.6981,7.087200000000002,'T',87,15.18000000000001,15.33255
,-6.285714285714284,-18,0,51.79291666666672,87.01210000000015,0,-0.8615750680000001,-2.672515713,0.1276,4.683,7.214800000000001,'E',87,15.51000000000001,15.66588
,-5.714285714285714,-18,0,49.72120000000006,87.01210000000015,-0.9980087110000001,-1.95049287,-3.670524424,0.1427,4.6616,7.357500000000002,'F',87,15.84,15.99920999999999
,-5.142857142857142,-18,0,47.64948333333339,87.01210000000015,0,-1.95049287,-3.670524424,0.2013,4.6616,7.558800000000002,'A',87,16.17,16.33253999999999
,-4.57142857142857,-18,0,45.57776666666672,87.01210000000015,0,-2.950334406,-3.670524424,0.1003,4.5817,7.659100000000001,'K',87,16.5,16.66587
,-4,-18,0,43.50605000000005,87.01210000000015,0.999841536,-1.950492870000001,-2.670682888,0.1802,4.690099999999999,7.839300000000001,'T',87,16.83,16.9992
,-3.428571428571428,-18,0,41.43433333333339,87.01210000000015,0,-1.950492870000001,-2.670682888,0.1276,4.639099999999999,7.966900000000002,'C',87,17.16000000000001,17.33252999999999
,-2.857142857142857,-18,0,39.36261666666672,87.01210000000015,-0.047726721,-1.998219591000001,-2.718409609,0.1219,4.610199999999999,8.088800000000001,'V',87,17.49000000000001,17.66586
,-2.285714285714286,-18,0,37.29090000000005,87.01210000000015,0,-1.998219591000001,-2.718409609,0.1508,4.582400000000001,8.239600000000003,'A',87,17.82000000000002,17.99919
,-1.714285714285714,-18,0,35.21918333333338,87.01210000000015,0,-1.998219591000001,-2.718409609,0.1003,4.504099999999999,8.339900000000002,'D',87,18.15000000000001,18.33252
,-1.142857142857143,-18,0,33.14746666666672,87.01210000000015,-0.999206302,-2.997425893000001,-3.717615911,0.1226,4.526400000000001,8.462500000000002,'E',87,18.48,18.66584999999999
,-0.5714285714285711,-18,0,31.07575000000006,87.01210000000015,-0.9980087110000001,-3.995434604000001,-4.715624622,0.1427,4.4678,8.605200000000002,'S',87,18.81,18.99918
,0,-18,0,29.00403333333339,87.01210000000015,0,-3.995434604000001,-4.715624622,0.1002,4.4678,8.705400000000003,'H',87,19.14,19.33251
,,-18,,26.93231666666671,87.01210000000015,0.09090909100000001,-3.904525513000001,-4.624715531000001,0.1641,4.4759,8.869500000000004,'A',87,19.47,19.66583999999999
,,-18,,24.86060000000004,87.01210000000015,0,-3.904399636,-4.624715531000001,0.1003,4.3717,8.969800000000003,'G',87,19.80000000000001,19.99916999999999
,,-17.28571428571428,,22.78888333333337,84.94038333333347,0,-3.904399636,-3.625509229,0.0718,4.264900000000001,8.919000000000004,'C',87,20.13000000000001,20.3325
,,-16.57142857142857,,20.7171666666667,82.86866666666678,-0.047726721,-3.952126357,-3.67323595,0.1219,4.230799999999999,8.913300000000003,'E',87,20.46000000000002,20.66583
,,-15.85714285714285,,18.64545000000003,80.79695000000012,-0.9980087110000001,-4.950135068000002,-4.762153752000001,0.1427,4.2175,8.891900000000001,'K',87,20.79000000000001,20.99915999999999
,,-15.14285714285714,,16.57373333333336,78.72523333333343,0.999841536,-3.902566811000001,-4.762153752000001,0.1802,4.2758,8.891900000000003,'S',87,21.12,21.33248999999999
,,-14.42857142857143,,14.50201666666669,76.65351666666676,0,-3.902566811000001,-4.762153752000001,0.1002,4.241400000000001,8.891900000000003,'L',87,21.45,21.66582
,,-13.71428571428571,,12.43030000000002,74.58180000000009,0,-3.902566811000001,-3.764145041000001,0.1786,4.2187,8.927800000000005,'H',87,21.78,21.99915
,,-13,,10.35858333333335,72.51008333333343,0.09090909100000001,-2.812451418000001,-3.673235950000001,0.1641,4.2602,8.913300000000007,'T',87,22.11,22.33247999999999
,,-12.28571428571428,,8.286866666666677,70.43836666666674,0,-1.814442707,-3.673235950000001,0.1276,4.245100000000001,8.940600000000005,'L',87,22.44,22.66580999999999
,,-11.57142857142857,,6.215150000000008,68.36665000000008,0,-1.905351798,-3.764145041,0.1786,4.2596,8.955100000000003,'F',87,22.77000000000001,22.99914
,,-10.85714285714285,,4.143433333333339,66.29493333333339,0,-1.905351798,-4.764141878999999,0.2013,4.310099999999999,8.944900000000002,'G',87,23.10000000000002,23.33247
,,-10.14285714285714,,2.071716666666669,64.22321666666673,0,-2.905193334,-4.764141878999999,0.0718,4.201699999999999,8.815400000000002,'D',87,23.43000000000001,23.66579999999999
,,-9.428571428571427,,0,62.15150000000006,-0.999206302,-3.904399636,-6.763189717,0.1226,4.1457,8.757800000000001,'E',87,23.76000000000001,23.99912999999999
,,-8.714285714285714,,,60.0797833333334,-0.9980087110000001,-4.902408347000001,-6.761992126,0.1427,4.137599999999999,8.777900000000001,'L',87,24.09,24.33246
,,-7.999999999999998,,,58.00806666666673,0,-4.902408347000001,-6.761992126,0.1786,4.186599999999999,8.777900000000002,'C',87,24.42,24.66579
,,-7.428571428571426,,,55.93635000000006,-0.047726721,-3.952126357000001,-6.809718846999999,0.1219,4.165799999999999,8.828000000000003,'K',87,24.75,24.99911999999999
,,-6.857142857142855,,,53.86463333333339,0.999841536,-2.952284821000001,-4.811868599999999,0.1802,4.1674,8.865500000000004,'V',87,25.08,25.33244999999999
,,-6.285714285714284,,,51.79291666666672,0,-2.952284821000001,-3.813859889000002,0.1508,4.190599999999998,8.873600000000001,'A',87,25.41000000000001,25.66578
,,-5.714285714285714,,,49.72120000000006,0,-1.95427611,-3.904768980000001,0.1003,4.148199999999999,8.809800000000001,'S',87,25.74000000000001,25.99911
,,-5.142857142857142,,,47.64948333333339,0,-1.95427611,-3.904768980000001,0.1002,4.0471,8.708700000000002,'L',87,26.07000000000002,26.33243999999999
,,-4.57142857142857,,,45.57776666666672,0,-1.95427611,-4.904610516000001,0.1786,4.125400000000001,8.707100000000002,'R',87,26.40000000000001,26.66576999999999
,,-4,,,43.50605000000005,0.9999968380000001,-1.954120808000001,-3.904613678000001,0.2115,4.1567,8.846800000000002,'E',87,26.73,26.9991
,,-3.428571428571428,,,41.43433333333339,-0.9980087110000001,-2.952129519000001,-4.902622389000001,0.1427,4.1718,8.810900000000004,'T',87,27.06,27.33243
,,-2.857142857142857,,,39.36261666666672,0,-2.904402798000001,-4.902622389000001,0.1276,4.1775,8.787700000000003,'Y',87,27.39,27.66575999999999
,,-2.285714285714286,,,37.29090000000005,-0.000125877,-2.904528675000001,-4.902748266000002,0.2045,4.231199999999999,8.813600000000005,'G',87,27.72,27.99909
,,-1.714285714285714,,,35.21918333333338,0,-2.904528675000001,-4.902748266000002,0.0718,4.2027,8.706800000000001,'D',87,28.05000000000001,28.33242
,,-1.142857142857143,,,33.14746666666672,-0.999206302,-2.904528675,-5.901954568000003,0.1226,4.2027,8.729100000000003,'M',87,28.38000000000001,28.66575
,,-0.5714285714285711,,,31.07575000000006,0,-1.906519964,-5.901954568000003,0.1749,4.2349,8.7027,'A',87,28.71000000000002,28.99907999999999
,,0,,,29.00403333333339,0,-1.906519964,-5.901954568000003,0.1003,4.234999999999999,8.702800000000002,'D',87,29.04000000000001,29.33241
,,,,,26.93231666666671,-0.999206302,-2.996635357,-6.901160870000002,0.1226,4.1935,8.669400000000001,'C',87,29.37,29.66574
,,,,,24.86060000000004,-0.047726721,-3.044362078,-6.948761714000002,0.1219,4.2151,8.5868,'C',87,29.7,29.99906999999999
,,,,,22.78888333333337,-0.047726721,-3.092088799,-6.996488435000003,0.1219,4.2652,8.530100000000001,'E',87,30.03,30.33239999999999
,,,,,20.7171666666667,-0.9980087110000001,-4.042370789,-7.994497146000001,0.1427,4.286,8.516800000000003,'K',87,30.36,30.66573
,,,,,18.64545000000003,0.999841536,-2.044520542,-6.994655610000002,0.1802,4.3235,8.541000000000004,'Q',87,30.69,30.99906
,,,,,16.57373333333336,0,-3.044362078000001,-6.946928889000001,0.156,4.299300000000001,8.575100000000004,'E',87,31.02000000000001,31.33238999999999
,,,,,14.50201666666669,-0.9980087110000001,-4.042370789,-7.944937600000001,0.1427,4.3418,8.583200000000003,'P',87,31.35000000000002,31.66571999999999
,,,,,12.43030000000002,0,-4.042370789,-7.944937600000001,0.1346,4.297800000000001,8.516500000000002,'E',87,31.68000000000001,31.99905
,,,,,10.35858333333335,-0.9980087110000001,-5.131288591000001,-7.943740009000002,0.1427,4.276400000000001,8.536600000000002,'R',87,32.01000000000001,32.33238
,,,,,8.286866666666677,0.9999968380000001,-4.131291752999999,-5.94573446,0.2115,4.3603,8.605400000000001,'N',87,32.34,32.66570999999999
,,,,,6.215150000000008,0,-4.131291752999999,-6.036643551,0.1296,4.3113,8.570900000000002,'E',87,32.67,32.99903999999999
,,,,,4.143433333333339,-0.9980087110000001,-5.129300464,-7.034652262000001,0.1427,4.252699999999999,8.562800000000001,'C',87,33,33.33237
,,,,,2.071716666666669,-0.047726721,-5.177027184999999,-8.082220519,0.1219,4.3028,8.5045,'F',87,33.33,33.6657
,,,,,0,0,-4.177820883,-8.082220519,0.2013,4.381499999999999,8.527199999999999,'L',87,33.66000000000001,33.99902999999999
,,,,,,0,-3.179812172,-8.082220519,0.1786,4.417400000000001,8.555,'S',87,33.99000000000002,34.33235999999999
,,,,,,0,-3.179812172,-8.082220519,0.1002,4.339,8.525600000000001,'H',87,34.32000000000001,34.66569
,,,,,,0.09090909100000001,-3.04117636,-6.993302717000001,0.1641,4.381199999999999,8.547000000000001,'K',87,34.65000000000001,34.99902
,,,,,,0.999841536,-3.04117636,-5.993461181000001,0.1802,4.381199999999999,8.5486,'D',87,34.98,35.33234999999999
,,,,,,-0.999206302,-4.040382662,-6.992667483000001,0.1226,4.353,8.5436,'D',87,35.31,35.66567999999999
,,,,,,-0.999206302,-5.039588964,-6.993865074,0.1226,4.3753,8.5235,'S',87,35.64,35.99901
,,,,,,0,-5.039588964,-6.993865074,0.1002,4.375299999999999,8.422400000000001,'P',87,35.97,36.33234
,,,,,,0,-5.039588964,-6.993865074,0.1346,4.3313,8.456700000000001,'D',87,36.30000000000001,36.66566999999999
,,,,,,-0.999206302,-7.038792104000001,-8.992912912000001,0.1226,4.242400000000001,8.399100000000001,'L',87,36.63000000000001,36.999
,,,,,,0,-6.040783393000002,-8.992912912000001,0.1786,4.278299999999999,8.450100000000003,'P',87,36.96000000000001,37.33233
,,,,,,0,-6.040783393000002,-8.945186191000001,0.1346,4.285299999999999,8.462800000000001,'K',87,37.29000000000001,37.66566
,,,,,,0.999841536,-5.040815980000001,-7.945344655,0.1802,4.260999999999999,8.4922,'L',87,37.62,37.99898999999999
,,,,,,0,-5.040815980000001,-7.945344655,0.1786,4.367799999999999,8.570500000000003,'K',87,37.95,38.33232
,,,,,,0.999841536,-3.041768142,-5.946296817,0.1802,4.4254,8.628100000000002,'P',87,38.28,38.66565
,,,,,,0,-3.041768142,-4.948288106000001,0.1346,4.385099999999999,8.620000000000001,'D',87,38.61,38.99898
,,,,,,-0.999206302,-4.040974444000001,-5.947494408000002,0.1226,4.407400000000001,8.642400000000002,'P',87,38.94000000000001,39.33230999999999
,,,,,,0,-3.041768142,-6.038403499,0.1346,4.4194,8.612900000000003,'N',87,39.27000000000001,39.66564
,,,,,,0,-2.994041421000001,-6.038403499,0.1296,4.427099999999999,8.642200000000003,'T',87,39.60000000000001,39.99897
,,,,,,0,-2.9463147,-6.038403499,0.1276,4.432799999999999,8.698000000000004,'L',87,39.93000000000001,40.3323
,,,,,,0,-1.948305989,-5.990676778,0.1786,4.468699999999999,8.754700000000003,'C',87,40.26000000000001,40.66562999999999
,,,,,,-0.047726721,-2.995874246,-5.040394788,0.1219,4.410399999999999,8.733900000000004,'D',87,40.59,40.99896
,,,,,,-0.999206302,-3.995080548000001,-7.039442626,0.1226,4.376999999999997,8.676300000000005,'E',87,40.92,41.33229
,,,,,,-0.9980087110000001,-3.995080548,-8.037451337,0.1427,4.376999999999997,8.718800000000005,'F',87,41.25,41.66561999999999
,,,,,,0,-3.995080548,-8.037451337,0.2013,4.443699999999999,8.741500000000006,'K',87,41.58,41.99894999999999
,,,,,,0.999841536,-1.997230301,-7.128518892000002,0.1802,4.481199999999999,8.757600000000004,'A',87,41.91000000000001,42.33228
,,,,,,0,-2.997227139,-7.128518892000002,0.1003,4.369999999999999,8.730300000000003,'D',87,42.24000000000001,42.66561
,,,,,,-0.999206302,-3.996433441000001,-8.127725194,0.1226,4.362999999999999,8.674300000000004,'E',87,42.57000000000001,42.99893999999999
,,,,,,-0.9980087110000001,-3.996433441000001,-9.125733905000001,0.1427,4.362999999999999,8.615700000000002,'K',87,42.90000000000001,43.33226999999999
,,,,,,0.999841536,-2.948865184000001,-8.125892369000001,0.1802,4.421299999999998,8.724100000000005,'K',87,43.23,43.6656
,,,,,,0.999841536,-1.949023648000001,-6.126844531000002,0.1802,4.400199999999999,8.781700000000004,'F',87,43.56,43.99893
,,,,,,0,-1.949023648000001,-5.128835820000001,0.2013,4.4229,8.840300000000004,'W',87,43.89,44.33225999999999
,,,,,,0,-1.949023648000001,-5.128835820000001,0.239,4.561699999999999,8.900700000000002,'G',87,44.22,44.66558999999999
,,,,,,0,-2.039932739,-5.081109099000002,0.0718,4.469399999999999,8.850600000000002,'K',87,44.55000000000001,44.99892
,,,,,,0.999841536,-2.039932739,-5.081109099000002,0.1802,4.4694,8.850600000000002,'Y',87,44.88000000000001,45.33225
,,,,,,-0.000125877,-1.040852314,-5.081234976000001,0.2045,4.551299999999999,8.904300000000003,'L',87,45.21000000000001,45.66557999999999
,,,,,,0,-0.041646012000001,-5.081234976000001,0.1786,4.6073,8.982600000000003,'Y',87,45.54000000000001,45.99891
,,,,,,-0.000125877,-0.04177188900000101,-5.081360853000001,0.2045,4.7116,9.086900000000004,'E',87,45.87,46.33224
,,,,,,-0.9980087110000001,-1.039780600000001,-6.079369564000001,0.1427,4.7197,9.051000000000004,'I',87,46.2,46.66557
,,,,,,0,-0.040574298,-7.079366402000002,0.1786,4.7757,9.018100000000004,'A',87,46.53,46.99889999999999
,,,,,,0,-0.040574298,-6.081357691000002,0.1003,4.697400000000001,8.975700000000003,'R',87,46.86,47.33223
,,,,,,0.9999968380000001,0.95942254,-5.081360853000001,0.2115,4.774299999999999,9.059600000000001,'R',87,47.19000000000001,47.66556
,,,,,,0.9999968380000001,0.9595778420000001,-4.081238138000002,0.2115,4.8056,9.066600000000003,'H',87,47.52000000000001,47.99889
,,,,,,0.09090909100000001,1.050486933,-3.990329047000001,0.1641,4.7911,9.158900000000001,'P',87,47.85000000000001,48.33221999999999
,,,,,,0,0.050645396999999,-2.991122745000001,0.1346,4.7455,9.170900000000001,'Y',87,48.18000000000001,48.66555
,,,,,,-0.000125877,0.05051951999999901,-2.991248622000001,0.2045,4.8154,9.200500000000002,'F',87,48.51000000000001,48.99888
,,,,,,0,1.049725822,-2.991248622000001,0.2013,4.894100000000001,9.301500000000003,'Y',87,48.84,49.33221
,,,,,,-0.000125877,1.049599945,-1.992168197000001,0.2045,4.964000000000001,9.383400000000002,'A',87,49.17,49.66553999999999
,,,,,,0,1.049599945,-1.944441476000002,0.1003,4.9347,9.361800000000001,'P',87,49.5,49.99887
,,,,,,0,1.049599945,-1.896714755,0.1346,4.941700000000001,9.374499999999999,'E',87,49.83000000000001,50.3322
,,,,,,-0.9980087110000001,0.05159123400000001,-1.896714755000001,0.1427,4.9058,9.374499999999999,'L',87,50.16000000000001,50.66553
,,,,,,0,0.099317955,-2.896556291,0.1786,4.9625,9.3729,'L',87,50.49000000000001,50.99885999999999
,,,,,,0,1.098524257,-2.896556291,0.1786,5.018500000000001,9.3955,'Y',87,50.82000000000001,51.33219
,,,,,,-0.000125877,2.096407091000001,-1.898673457000001,0.2045,5.080300000000001,9.457300000000002,'Y',87,51.15000000000001,51.66552
,,,,,,-0.000125877,2.096281214000001,-1.898799334000001,0.2045,5.083500000000001,9.527200000000002,'A',87,51.48,51.99884999999999
,,,,,,0,1.096439678,-0.900790623,0.1003,5.0036,9.484800000000002,'N',87,51.81,52.33217999999999
,,,,,,0,1.096439678,-1.900787461000001,0.1296,5.032900000000001,9.402900000000001,'K',87,52.14,52.66551
,,,,,,0.999841536,3.095487516,-0.900945925000001,0.1802,5.0905,9.453500000000002,'Y',87,52.47,52.99884
,,,,,,-0.000125877,4.09337035,0.096936908999999,0.2045,5.1523,9.515300000000002,'N',87,52.80000000000001,53.33216999999999
,,,,,,0,3.093528814,0.144663629999999,0.1296,5.101700000000001,9.523000000000001,'G',87,53.13000000000001,53.66549999999999
,,,,,,0,2.093687278,0.144663629999999,0.0718,4.993300000000001,9.393500000000001,'V',87,53.46000000000001,53.99883
,,,,,,0,2.093687278,0.144663629999999,0.1508,4.9428,9.3657,'F',87,53.79000000000001,54.33216
,,,,,,0,2.093687278,0.144663629999999,0.2013,4.9051,9.466800000000001,'Q',87,54.12,54.66548999999999
,,,,,,0,2.093687278,0.053754538999999,0.156,4.9893,9.4587,'E',87,54.45,54.99881999999999
,,,,,,-0.9980087110000001,0.095837031,-1.944095708,0.1427,4.9518,9.421200000000002,'C',87,54.78,55.33215
,,,,,,-0.047726721,0.048236187,-0.992616127,0.1219,4.869199999999999,9.420500000000002,'C',87,55.11,55.66548
,,,,,,-0.047726721,0.0005094660000000001,-0.041136546000001,0.1219,4.812499999999997,9.4198,'Q',87,55.44000000000001,55.99880999999999
,,,,,,0,0.000635343,-0.041136546000001,0.156,4.763999999999999,9.4756,'A',87,55.77000000000001,56.33214
,,,,,,0,0.9986440540000001,-0.041136546000001,0.1003,4.7216,9.441300000000002,'E',87,56.10000000000001,56.66547
,,,,,,-0.9980087110000001,0.000635343,-0.03993895500000001,0.1427,4.6857,9.461400000000001,'D',87,56.43000000000001,56.9988
,,,,,,-0.999206302,-0.998570959,-1.039145257,0.1226,4.708,9.405400000000004,'K',87,56.76000000000001,57.33212999999999
,,,,,,0.999841536,-0.9987262610000001,-0.039303721,0.1802,4.676699999999999,9.451000000000004,'G',87,57.09,57.66546
,,,,,,0,-1.998723099,-1.039145257000001,0.0718,4.537000000000001,9.342600000000004,'A',87,57.42,57.99879
,,,,,,0,-2.089632190000001,-1.039145257000001,0.1003,4.4732,9.264300000000002,'C',87,57.75,58.33212
,,,,,,-0.047726721,-2.137358911000001,-2.086713514000001,0.1219,4.4605,9.206000000000001,'L',87,58.08000000000001,58.66544999999999
,,,,,,0,-2.137233034,-2.086713514000001,0.1786,4.434600000000001,9.250000000000002,'L',87,58.41000000000001,58.99878
,,,,,,0,-2.137233034,-1.087507212000001,0.1786,4.411900000000001,9.306000000000004,'P',87,58.74000000000001,59.33211
,,,,,,0,-2.137107157,-1.087507212000001,0.1346,4.342000000000001,9.306000000000004,'K',87,59.07000000000001,59.66544
,,,,,,0.999841536,-1.137265621,-0.08766567600000101,0.1802,4.421900000000001,9.356600000000002,'I',87,59.40000000000001,59.99876999999999
,,,,,,0,-1.137265621,-0.08766567600000101,0.1786,4.4659,9.407600000000002,'E',87,59.73,60.3321
,,,,,,-0.9980087110000001,-1.137265621,-1.085674387,0.1427,4.4659,9.371700000000002,'T',87,60.06,60.66543
,,,,,,0,-1.137265621,-1.037947666,0.1276,4.4149,9.377400000000005,'M',87,60.39,60.99876
,,,,,,0,-1.137265621,-0.038741364,0.1749,4.4112,9.429700000000002,'R',87,60.72,61.33208999999999
,,,,,,0.9999968380000001,-0.137142906,1.959264185000001,0.2115,4.4182,9.498500000000003,'E',87,61.05000000000001,61.66542
,,,,,,-0.9980087110000001,-1.13502574,0.961255474000001,0.1427,4.3564,9.439900000000005,'K',87,61.38000000000001,61.99875
,,,,,,0.999841536,-0.135184204,0.9612554740000001,0.1802,4.436299999999999,9.439900000000005,'V',87,61.71000000000001,62.33207999999999
,,,,,,0,-0.135184204,0.9612554740000001,0.1508,4.4575,9.490400000000003,'L',87,62.03999999999999,62.66541000000001
,,,,,,0,-1.135025740000001,1.960461776,0.1786,4.455900000000001,9.546400000000004,'T',87,62.37,62.99874
,,,,,,0,-1.134899863000001,2.958470487,0.1276,4.378999999999999,9.531300000000003,'S',87,62.70000000000002,63.33206999999999
,,,,,,0,-1.134899863000001,1.958628951,0.1002,4.3496,9.451300000000005,'S',87,63.03,63.66540000000001
,,,,,,0,-1.134899863000001,0.9587874150000001,0.1002,4.377999999999999,9.371300000000003,'A',87,63.36000000000001,63.99872999999999
,,,,,,0,-1.134899863000001,0.9587874150000001,0.1003,4.327499999999999,9.270300000000002,'R',87,63.69,64.33205999999998
,,,,,,0.9999968380000001,-0.134903025000001,1.958784253000001,0.2115,4.337699999999999,9.242800000000001,'Q',87,64.02000000000001,64.66539
,,,,,,0,-0.134903025000001,1.958784253000001,0.156,4.337699999999999,9.327000000000002,'R',87,64.34999999999999,64.99871999999999
,,,,,,0.9999968380000001,1.863102524,1.958939555,0.2115,4.406499999999999,9.358300000000002,'L',87,64.68000000000001,65.33205000000001
,,,,,,0,1.910829245,1.959065432,0.1786,4.463199999999999,9.332400000000002,'R',87,65.01000000000002,65.66538
,,,,,,0.9999968380000001,2.958552804,2.95906227,0.2115,4.5528,9.365300000000001,'C',87,65.34,65.99870999999999
,,,,,,-0.047726721,2.910826083,2.911461426,0.1219,4.518699999999999,9.2827,'A',87,65.67000000000002,66.33204000000001
,,,,,,0,2.910826083,3.909470137,0.1003,4.518699999999999,9.240300000000001,'S',87,66,66.66537
,,,,,,0,3.908834794,3.909470137,0.1002,4.476199999999999,9.161900000000001,'I',87,66.33000000000001,66.99869999999999
,,,,,,0,4.908041096000002,3.909470137,0.1786,4.5322,9.240200000000003,'Q',87,66.66,67.33203
,,,,,,0,3.90819956,2.909473299,0.156,4.508,9.184700000000001,'K',87,66.99000000000001,67.66535999999999
,,,,,,0.999841536,4.908041096000001,2.909317997,0.1802,4.616400000000001,9.153400000000003,'F',87,67.31999999999999,67.99869000000001
,,,,,,0,4.908041096000001,2.818408905999999,0.2013,4.7174,9.190600000000002,'G',87,67.65000000000001,68.33202
,,,,,,0,4.955767817,2.818408905999999,0.0718,4.6673,9.127800000000001,'E',87,67.98000000000002,68.66534999999999
,,,,,,-0.9980087110000001,3.957759106,1.820526072,0.1427,4.6314,9.066000000000003,'R',87,68.31,68.99868000000001
,,,,,,0.9999968380000001,4.957755944000001,2.82052291,0.2115,4.664299999999999,9.076200000000002,'A',87,68.63999999999999,69.33201
,,,,,,0,4.957755944000001,2.820648786999999,0.1003,4.63,8.972,'L',87,68.97,69.66533999999999
,,,,,,0,3.957914408,2.820648786999999,0.1786,4.628400000000001,9.050300000000002,'K',87,69.30000000000001,69.99867
,,,,,,0.999841536,4.957755944000001,3.820490323,0.1802,4.63,9.095900000000002,'A',87,69.63,70.33199999999999
,,,,,,0,5.955764655,4.818499034,0.1003,4.5876,9.0535,'W',87,69.96000000000001,70.66533000000001
,,,,,,0,5.955764655,4.818499034,0.239,4.699,9.113899999999999,'S',87,70.29000000000002,70.99866
,,,,,,0,5.955764655,4.818499034,0.1002,4.6243,9.035500000000003,'V',87,70.62,71.33198999999999
,,,,,,0,4.955767817,4.818624911000001,0.1508,4.5636,8.981800000000002,'A',87,70.95000000000002,71.66532000000001
,,,,,,0,5.953776528000001,4.818750788000001,0.1003,4.521199999999999,8.877599999999999,'R',87,71.28,71.99865
,,,,,,0.9999968380000001,5.953931830000001,5.818747626000001,0.2115,4.5525,8.988800000000001,'L',87,71.61000000000001,72.33197999999999
,,,,,,0,5.953931830000001,5.818747626000001,0.1786,4.5803,9.037800000000001,'S',87,71.94,72.66531000000001
,,,,,,0,5.953931830000001,4.81890609,0.1002,4.501900000000001,8.957800000000001,'Q',87,72.27000000000001,72.99863999999999
,,,,,,0,5.953931830000001,4.819031967,0.156,4.5303,8.909300000000002,'K',87,72.59999999999999,73.33196999999998
,,,,,,0.999841536,6.953773366000001,5.818873503,0.1802,4.610300000000001,8.959900000000003,'F',87,72.93000000000001,73.6653
,,,,,,0,6.953773366000001,5.818873503,0.2013,4.7114,9.089400000000001,'P',87,73.26000000000002,73.99862999999999
,,,,,,0,6.953773366000001,5.818873503,0.1346,4.745700000000001,9.0732,'K',87,73.59,74.33196000000001
,,,,,,0.999841536,6.953618064,6.818715039,0.1802,4.7144,9.052100000000003,'A',87,73.92000000000002,74.66529
,,,,,,0,6.953618064,6.818715039,0.1003,4.6587,8.9964,'E',87,74.25,74.99861999999999
,,,,,,-0.9980087110000001,4.955612515,6.818715039000002,0.1427,4.589900000000001,8.996400000000001,'F',87,74.58000000000001,75.33195000000001
,,,,,,0,4.955612515,6.866441760000002,0.2013,4.6126,9.075800000000001,'V',87,74.91,75.66528
,,,,,,0,3.955615677000001,6.914168481000002,0.1508,4.551900000000001,9.104699999999999,'E',87,75.24000000000001,75.99860999999999
,,,,,,-0.9980087110000001,3.005333687,5.916159770000001,0.1427,4.5727,9.0914,'V',87,75.56999999999999,76.33194
,,,,,,0,3.005333687,5.916159770000001,0.1508,4.6232,9.1419,'T',87,75.90000000000001,76.66526999999999
,,,,,,0,3.005333687,6.914168481000003,0.1276,4.650600000000001,9.126800000000001,'K',87,76.23000000000002,76.99860000000001
,,,,,,0.999841536,4.005175223,8.913216319000002,0.1802,4.6522,9.184400000000002,'L',87,76.56,77.33193
,,,,,,0,4.005175223,7.913374783000002,0.1786,4.6748,9.1828,'V',87,76.88999999999999,77.66525999999999
,,,,,,0,3.005333687,7.913374783000002,0.1508,4.6454,9.261800000000003,'T',87,77.22,77.99859000000001
,,,,,,0,3.005333687,7.913374783000002,0.1276,4.571700000000001,9.289100000000003,'D',87,77.55000000000001,78.33192
,,,,,,-0.999206302,2.006127385,6.961895202000002,0.1226,4.6225,9.289800000000003,'L',87,77.88,78.66524999999999
,,,,,,0,3.004136096000001,6.961895202000002,0.1786,4.6584,9.289800000000003,'T',87,78.21000000000001,78.99858
,,,,,,0,2.004139258,6.961895202000002,0.1276,4.574500000000001,9.238800000000003,'K',87,78.54000000000002,79.33190999999999
,,,,,,0.999841536,3.003980794,7.961736738000003,0.1802,4.654400000000001,9.284400000000003,'V',87,78.87,79.66524000000001
,,,,,,0,3.003980794,6.961895202000001,0.1508,4.626600000000001,9.255000000000003,'H',87,79.20000000000002,79.99857
,,,,,,0.09090909100000001,2.095048349,7.052804293000001,0.1641,4.6105,9.240500000000004,'K',87,79.53,80.33189999999999
,,,,,,0.999841536,3.094889885,9.05065454,0.1802,4.6904,9.278000000000004,'E',87,79.86000000000001,80.66523000000001
,,,,,,-0.9980087110000001,2.096881174,8.052645829000001,0.1427,4.594099999999999,9.293100000000004,'C',87,80.19,80.99856
,,,,,,-0.047726721,2.049154453,8.004919108000001,0.1219,4.615799999999999,9.240100000000004,'C',87,80.52000000000001,81.33188999999999
,,,,,,-0.047726721,2.001427732,6.957195549000001,0.1219,4.5869,9.150500000000005,'H',87,80.84999999999999,81.66522000000001
,,,,,,0.09090909100000001,2.092336823,8.046113351000001,0.1641,4.650699999999999,9.171900000000003,'G',87,81.18000000000001,81.99854999999999
,,,,,,0,1.092339985,7.046271815000003,0.0718,4.510999999999999,9.063500000000003,'D',87,81.51000000000002,82.33188000000001
,,,,,,-0.999206302,0.09313368300000001,6.047065513000002,0.1226,4.455,9.035300000000003,'L',87,81.84,82.66521
,,,,,,0,0.09313368300000001,6.047065513000002,0.1786,4.5334,9.035300000000003,'L',87,82.17000000000002,82.99853999999999
,,,,,,0,0.09313368300000001,6.047065513000002,0.1786,4.556,9.086300000000003,'E',87,82.5,83.33187000000001
,,,,,,-0.9980087110000001,-1.904716564,5.049056802000002,0.1427,4.5185,9.128800000000005,'C',87,82.83000000000001,83.6652
,,,,,,-0.047726721,-1.952443285,5.001330081000002,0.1219,4.439099999999999,9.150500000000005,'A',87,83.16,83.99852999999999
,,,,,,0,-1.952443285,5.001330081000002,0.1003,4.404799999999999,9.150500000000001,'D',87,83.49000000000001,84.33186000000001
,,,,,,-0.999206302,-3.951491123,3.002126941000001,0.1226,4.347199999999999,9.061600000000004,'D',87,83.81999999999999,84.66519
,,,,,,-0.999206302,-4.950697425,2.002920639000001,0.1226,4.3695,9.028200000000002,'R',87,84.15000000000001,84.99851999999998
,,,,,,0.9999968380000001,-2.952691876,2.002920639,0.2115,4.4383,9.028200000000002,'A',87,84.48000000000002,85.33185
,,,,,,0,-2.952691876,2.002920639,0.1003,4.337299999999999,8.949900000000003,'D',87,84.81,85.66517999999999
,,,,,,-0.999206302,-3.951898178,0.003717499000001,0.1226,4.309099999999999,8.861000000000002,'L',87,85.13999999999999,85.99851000000001
,,,,,,0,-2.953889467000001,0.05144422,0.1786,4.345,8.917700000000002,'A',87,85.47,86.33184
,,,,,,0,-2.953889467000001,0.05144422,0.1003,4.2945,8.917700000000002,'K',87,85.80000000000001,86.66516999999999
,,,,,,0.999841536,-1.954047931000001,1.051285756,0.1802,4.347099999999999,8.997700000000002,'Y',87,86.13,86.99850000000001
,,,,,,-0.000125877,-2.954015344,1.051159879,0.2045,4.3714,9.023600000000004,'I',87,86.46000000000001,87.33183
,,,,,,0,-2.954015344,1.051159879,0.1786,4.3714,9.046200000000002,'C',87,86.79000000000002,87.66515999999999
,,,,,,-0.047726721,-3.001742065000001,0.003591622,0.1219,4.342499999999999,8.987900000000003,'D',87,87.12,87.99849
,,,,,,-0.999206302,-4.000948367,-0.99561468,0.1226,4.3375,8.909200000000002,'N',87,87.45000000000002,88.33181999999999
,,,,,,0,-3.001742065000001,-0.99561468,0.1296,4.3445,8.967000000000006,'Q',87,87.78,88.66515000000001
,,,,,,0,-3.001742065000001,0.002394031000001,0.156,4.3219,8.980300000000003,'D',87,88.11000000000001,88.99848
,,,,,,-0.999206302,-4.000948367,-1.996809109,0.1226,4.3169,8.891400000000003,'T',87,88.44,89.33180999999999
,,,,,,0,-5.000789903,-1.996809109,0.1276,4.2643,8.918700000000003,'I',87,88.77000000000001,89.66514000000001
,,,,,,0,-5.000789903,-1.996809109,0.1786,4.2921,8.918700000000003,'S',87,89.10000000000002,89.99847
,,,,,,0,-5.091698994000001,-2.996650645000001,0.1002,4.2282,8.838700000000003,'S',87,89.43000000000001,90.33179999999999
,,,,,,0,-6.091540530000001,-2.996650645000001,0.1002,4.148199999999999,8.838600000000003,'K',87,89.76000000000002,90.66513
,,,,,,0.999841536,-4.093690283,-1.996809109000001,0.1802,4.185699999999999,8.779800000000005,'L',87,90.09,90.99845999999999
,,,,,,0,-4.045963562000001,-1.996809109000001,0.1786,4.2424,8.858200000000004,'K',87,90.42000000000002,91.33179000000001
,,,,,,0.999841536,-2.998395305000001,-0.9969675730000011,0.1802,4.300699999999999,8.887600000000006,'E',87,90.75,91.66512
,,,,,,-0.9980087110000001,-4.087313107,-1.994976284000001,0.1427,4.279299999999997,8.930000000000005,'C',87,91.08000000000001,91.99844999999999
,,,,,,-0.047726721,-4.135039828,-3.042699843000001,0.1219,4.329399999999998,8.840400000000004,'C',87,91.41,92.33178000000001
,,,,,,-0.047726721,-3.183560247000001,-3.090426564000001,0.1219,4.328699999999997,8.783700000000003,'D',87,91.74000000000001,92.66511
,,,,,,-0.999206302,-4.182766549000001,-4.089632866000001,0.1226,4.272699999999999,8.806100000000004,'K',87,92.07000000000002,92.99843999999999
,,,,,,0.999841536,-3.182925013000001,-3.089791330000002,0.1802,4.274299999999998,8.830300000000003,'P',87,92.40000000000001,93.33177000000001
,,,,,,0,-2.184916302000001,-4.089632866000001,0.1346,4.266199999999999,8.784700000000003,'L',87,92.73000000000002,93.6651
,,,,,,0,-2.137189581000001,-4.089632866000001,0.1786,4.3229,8.762000000000002,'L',87,93.06,93.99842999999998
,,,,,,0,-2.137189581000001,-4.089632866000001,0.1786,4.401199999999999,8.806000000000004,'E',87,93.38999999999999,94.33176
,,,,,,-0.9980087110000001,-2.135991990000001,-6.087483113,0.1427,4.421299999999998,8.768500000000001,'K',87,93.72,94.66508999999999
,,,,,,0.999841536,-0.136944152,-5.087641577,0.1802,4.478899999999998,8.848400000000003,'S',87,94.05000000000001,94.99842000000001
,,,,,,0,-1.13694099,-4.089632866000001,0.1002,4.367599999999998,8.805900000000005,'H',87,94.38,95.33175
,,,,,,0.09090909100000001,-1.046031899,-3.998723775000001,0.1641,4.4314,8.768700000000003,'C',87,94.71000000000001,95.66507999999999
,,,,,,-0.047726721,-0.09455231800000001,-4.046450496,0.1219,4.430699999999997,8.739800000000002,'I',87,95.04000000000002,95.99841000000001
,,,,,,0,-0.09455231800000001,-3.048441785000001,0.1786,4.430699999999999,8.775700000000002,'A',87,95.37,96.33174
,,,,,,0,-0.09455231800000001,-3.048441785000001,0.1003,4.430699999999999,8.725200000000001,'E',87,95.70000000000002,96.66506999999999
,,,,,,-0.9980087110000001,-2.092402565000001,-4.046450496000001,0.1427,4.393199999999999,8.740300000000001,'V',87,96.03,96.9984
,,,,,,0,-2.092276688000001,-5.046292032,0.1508,4.339499999999999,8.710900000000002,'E',87,96.36000000000001,97.33172999999999
,,,,,,-0.9980087110000001,-3.090285399000001,-6.044300743,0.1427,4.303599999999999,8.675000000000002,'K',87,96.69,97.66506000000001
,,,,,,0.999841536,-2.042717142000001,-5.044459207,0.1802,4.3619,8.704400000000001,'D',87,97.02000000000001,97.99839
,,,,,,-0.999206302,-2.042717142,-6.043665509,0.1226,4.3619,8.699400000000002,'A',87,97.34999999999999,98.33171999999999
,,,,,,0,-2.042717142,-5.044459207000001,0.1003,4.3326,8.677100000000003,'I',87,97.68000000000001,98.66505000000001
,,,,,,0,-2.042717142,-5.044459207000001,0.1786,4.3552,8.677100000000001,'P',87,98.01000000000002,98.99838
,,,,,,0,-1.04351084,-5.044459207000001,0.1346,4.3672,8.684100000000001,'E',87,98.34,99.33170999999999
,,,,,,-0.9980087110000001,-2.041519551,-7.042309454000001,0.1427,4.382299999999999,8.646600000000003,'N',87,98.67000000000002,99.66504
,,,,,,0,-2.041519551,-7.042309454000001,0.1296,4.333299999999999,8.625400000000001,'L',87,99,99.99836999999999
,,,,,,0,-2.041519551,-7.133218545,0.1786,4.4117,8.639900000000001,'P',87,99.33000000000001,100.3317
,,,,,,0,-2.041519551,-8.133060081000002,0.1346,4.4461,8.5943,'P',87,99.66,100.66503
,,,,,,0,-3.041361087,-7.135051369999999,0.1346,4.4005,8.586200000000002,'L',87,99.99000000000001,100.99836
,,,,,,0,-3.041361087,-7.087324649,0.1786,4.4005,8.642900000000001,'T',87,100.32,101.33169
,,,,,,0,-4.041202623,-7.039597928,0.1276,4.347900000000001,8.648600000000002,'A',87,100.65,101.66502
,,,,,,0,-3.043193912,-7.130507019,0.1003,4.305499999999999,8.584800000000001,'D',87,100.98,101.99835
,,,,,,-0.999206302,-3.994673493,-8.129713320999999,0.1226,4.306199999999999,8.6356,'F',87,101.31,102.33168
,,,,,,0,-3.946946772,-7.130507019000001,0.2013,4.385599999999999,8.714300000000001,'A',87,101.64,102.66501
,,,,,,0,-2.94774047,-7.130507019000001,0.1003,4.363299999999999,8.636000000000001,'E',87,101.97,102.99834
,,,,,,-0.9980087110000001,-4.945590717,-8.128515730000002,0.1427,4.325799999999999,8.600100000000003,'D',87,102.3,103.33167
,,,,,,-0.999206302,-5.944797019,-8.129713321000001,0.1226,4.313800000000001,8.580000000000004,'K',87,102.63,103.665
,,,,,,0.999841536,-4.944955483,-7.082145064000001,0.1802,4.3154,8.638300000000005,'D',87,102.96,103.99833
,,,,,,-0.999206302,-5.944161785,-8.081351366,0.1226,4.2594,8.660600000000004,'V',87,103.29,104.33166
,,,,,,0,-4.946153074000001,-7.082145064000001,0.1508,4.267499999999999,8.688800000000002,'C',87,103.62,104.66499
,,,,,,-0.047726721,-5.993721331000001,-6.130665483,0.1219,4.209199999999999,8.688100000000002,'K',87,103.95,104.99832
,,,,,,0.999841536,-4.993879795000002,-6.130820785000001,0.1802,4.289199999999999,8.6568,'N',87,104.28,105.33165
,,,,,,0,-5.084788886000001,-6.130820785000001,0.1296,4.2547,8.686100000000003,'Y',87,104.61,105.66498
,,,,,,-0.000125877,-5.037188042000001,-5.131740360000001,0.2045,4.337299999999999,8.768000000000004,'Q',87,104.94,105.99831
,,,,,,0,-5.037188042000001,-5.131740360000001,0.156,4.314699999999999,8.745400000000004,'E',87,105.27,106.33164
,,,,,,-0.9980087110000001,-6.035196753000001,-6.129749071000001,0.1427,4.357099999999999,8.787800000000002,'A',87,105.6,106.66497
,,,,,,0,-5.037188042,-7.129590607000003,0.1003,4.3147,8.707900000000004,'K',87,105.93,106.9983
,,,,,,0.999841536,-4.037346506,-6.129623194000001,0.1802,4.344099999999998,8.683600000000004,'D',87,106.26,107.33163
,,,,,,-0.999206302,-4.038544097000001,-7.128829496000002,0.1226,4.324,8.627600000000005,'A',87,106.59,107.66496
,,,,,,0,-5.038385633000002,-7.081102775000002,0.1003,4.2441,8.606000000000003,'F',87,106.92,107.99829
,,,,,,0,-4.039179331000001,-6.081896473,0.2013,4.322799999999999,8.684700000000003,'L',87,107.25,108.33162
,,,,,,0,-4.039179331000001,-6.081896473,0.1786,4.4011,8.733700000000002,'G',87,107.58,108.66495
,,,,,,0,-4.039179331000001,-6.081896473,0.0718,4.2943,8.649500000000002,'S',87,107.91,108.99828
,,,,,,0,-4.039179331000001,-5.082690171000001,0.1002,4.259900000000001,8.627100000000004,'F',87,108.24,109.33161
,,,,,,0,-3.041170620000001,-5.082690171000001,0.2013,4.3185,8.700800000000003,'L',87,108.57,109.66494
,,,,,,0,-3.041170620000001,-5.082690171000001,0.1786,4.3675,8.700800000000003,'Y',87,108.9,109.99827
,,,,,,-0.000125877,-3.041296497000001,-5.082816048000002,0.2045,4.393400000000001,8.805100000000005,'E',87,109.23,110.3316
,,,,,,-0.9980087110000001,-4.039305208000001,-6.080824759000001,0.1427,4.4015,8.847600000000003,'Y',87,109.56,110.66493
,,,,,,-0.000125877,-4.039431085000001,-7.080792172000002,0.2045,4.471400000000001,8.871900000000004,'S',87,109.89,110.99826
,,,,,,0,-4.039431085000001,-7.080792172000002,0.1002,4.392999999999999,8.793500000000003,'R',87,110.22,111.33159
,,,,,,0.9999968380000001,-3.039434247000001,-7.080636870000002,0.2115,4.476900000000001,8.824800000000003,'R',87,110.55,111.66492
,,,,,,0.9999968380000001,-2.039437409000001,-5.082631321000001,0.2115,4.588100000000001,8.893600000000003,'H',87,110.88,111.99825
,,,,,,0.09090909100000001,-0.9493220160000001,-4.943995509000001,0.1641,4.6296,8.9358,'P',87,111.21,112.33158
,,,,,,0,-0.9493220160000001,-4.896268788,0.1346,4.562900000000001,8.948500000000001,'E',87,111.54,112.66491
,,,,,,-0.9980087110000001,-1.947330727,-4.895071197000001,0.1427,4.605300000000001,8.968600000000002,'Y',87,111.87,112.99824
,,,,,,-0.000125877,-0.9494478930000001,-5.89503861,0.2045,4.6671,8.992900000000002,'A',87,112.2,113.33157
,,,,,,0,0.049758409,-5.89503861,0.1003,4.6448,8.958600000000002,'V',87,112.53,113.6649
,,,,,,0,-0.9500831270000001,-5.89503861,0.1508,4.6154,8.930800000000001,'S',87,112.86,113.99823
,,,,,,0,0.04912317500000001,-5.89503861,0.1002,4.592999999999999,8.852400000000001,'V',87,113.19,114.33156
,,,,,,0,0.04912317500000001,-4.897029899000001,0.1508,4.592999999999999,8.8605,'L',87,113.52,114.66489
,,,,,,0,0.096849896,-5.896871435,0.1786,4.6497,8.8589,'L',87,113.85,114.99822
,,,,,,0,-0.90299164,-5.896871435,0.1786,4.6481,8.9373,'R',87,114.18,115.33155
,,,,,,0.9999968380000001,0.097005198,-4.987783688,0.2115,4.73,8.984700000000002,'L',87,114.51,115.66488
,,,,,,0,0.09713107500000001,-4.940056967,0.1786,4.7041,9.041400000000001,'A',87,114.84,115.99821
,,,,,,0,0.09713107500000001,-4.940056967,0.1003,4.648400000000001,8.963100000000001,'K',87,115.17,116.33154
,,,,,,0.999841536,2.094981322,-3.940215431,0.1802,4.6859,9.043000000000001,'E',87,115.5,116.66487
,,,,,,-0.9980087110000001,1.096972611,-3.940215431000001,0.1427,4.7283,9.043000000000003,'Y',87,115.83,116.9982
,,,,,,-0.000125877,0.097005198,-3.940341308000001,0.2045,4.752599999999999,9.096700000000002,'E',87,116.16,117.33153
,,,,,,-0.9980087110000001,0.09820278900000001,-3.940341308000001,0.1427,4.772699999999999,9.096700000000002,'A',87,116.49,117.66486
,,,,,,0,0.09820278900000001,-4.940182844000002,0.1003,4.772699999999999,9.016800000000003,'T',87,116.82,117.99819
,,,,,,0,0.09820278900000001,-3.940976542,0.1276,4.699,9.021800000000002,'L',87,117.15,118.33152
,,,,,,0,0.09820278900000001,-3.940976542,0.1786,4.699,9.100100000000005,'E',87,117.48,118.66485
,,,,,,-0.9980087110000001,-0.8998059220000001,-4.938985253,0.1427,4.769900000000001,9.064200000000003,'E',87,117.81,118.99818
,,,,,,-0.9980087110000001,-1.897814633,-5.936993964,0.1427,4.8124,9.072300000000002,'C',87,118.14,119.33151
,,,,,,-0.047726721,-1.945541354,-4.986711974000001,0.1219,4.732999999999999,9.051500000000004,'C',87,118.47,119.66484
,,,,,,-0.047726721,-1.993268075,-5.034438695000001,0.1219,4.676299999999998,9.043800000000003,'A',87,118.8,119.99817
,,,,,,0,-1.993142198,-5.034438695000001,0.1003,4.572099999999999,8.965500000000002,'K',87,119.13,120.3315
,,,,,,0.999841536,0.004708049000000001,-4.034597159000001,0.1802,4.609599999999999,9.011100000000003,'D',87,119.46,120.66483
,,,,,,-0.999206302,-0.9943723760000001,-5.033803461000002,0.1226,4.527699999999999,8.999100000000004,'D',87,119.79,120.99816
,,,,,,-0.999206302,-1.993578678,-6.033009763000003,0.1226,4.5501,8.943100000000003,'P',87,120.12,121.33149
,,,,,,0,-2.993575516,-6.033009763000003,0.1346,4.473199999999999,8.950100000000003,'H',87,120.45,121.66482
,,,,,,0.09090909100000001,-3.902663263,-5.942100672000001,0.1641,4.425800000000001,9.013900000000003,'A',87,120.78,121.99815
,,,,,,0,-3.993572354000001,-4.942894369999999,0.1003,4.362,8.991600000000002,'C',87,121.11,122.33148
,,,,,,-0.047726721,-4.041299075,-4.990621091,0.1219,4.349299999999999,8.9122,'Y',87,121.44,122.66481
,,,,,,-0.000125877,-3.043416241,-4.990746968000001,0.2045,4.411099999999999,9.016400000000001,'S',87,121.77,122.99814
,,,,,,0,-3.043290364000001,-3.992738257000001,0.1002,4.3068,8.973900000000002,'T',87,122.1,123.33147
,,,,,,0,-3.043290364000001,-2.993531955,0.1276,4.334099999999999,8.978900000000001,'V',87,122.43,123.6648
,,,,,,0,-3.043290364000001,-3.993373491000001,0.1508,4.3341,8.949500000000002,'F',87,122.76,123.99813
,,,,,,0,-3.043290364000001,-2.994167189,0.2013,4.4352,9.0282,'D',87,123.09,124.33146
,,,,,,-0.999206302,-4.042496666000001,-3.993373491,0.1226,4.407,9,'K',87,123.42,124.66479
,,,,,,0.999841536,-3.042655130000001,-2.945805234,0.1802,4.408600000000001,9.058300000000001,'L',87,123.75,124.99812
,,,,,,0,-3.042655130000001,-3.945646770000001,0.1786,4.408600000000001,9.056700000000001,'K',87,124.08,125.33145
,,,,,,0.999841536,-3.042810432,-2.945805234000001,0.1802,4.377299999999999,9.107300000000002,'H',87,124.41,125.66478
,,,,,,0.09090909100000001,-2.951901341000001,-2.854770266000001,0.1641,4.3628,9.066900000000004,'L',87,124.74,125.99811
,,,,,,0,-2.951901341000001,-2.854770266000001,0.1786,4.4411,9.089500000000003,'V',87,125.07,126.33144
,,,,,,0,-3.951742877,-1.856761555000001,0.1508,4.4117,9.097600000000002,'D',87,125.4,126.66477
,,,,,,-0.999206302,-3.952940468000001,-2.855967857000001,0.1226,4.3916,9.119900000000003,'E',87,125.73,126.9981
,,,,,,-0.9980087110000001,-4.950823302000002,-4.853818104000001,0.1427,4.3298,9.082400000000003,'P',87,126.06,127.33143
,,,,,,0,-3.952814591000001,-3.854611802000001,0.1346,4.3217,9.094400000000004,'Q',87,126.39,127.66476
,,,,,,0,-3.952814591000001,-3.854611802000001,0.156,4.3774,9.150100000000002,'N',87,126.72,127.99809
,,,,,,0,-3.952814591000001,-3.854611802000001,0.1296,4.3794,9.078400000000004,'L',87,127.05,128.33142
,,,,,,0,-3.952814591000001,-3.854611802000001,0.1786,4.3794,9.078400000000004,'I',87,127.38,128.66475
,,,,,,0,-2.954805880000001,-3.854611802000001,0.1786,4.415299999999999,9.185200000000002,'K',87,127.71,128.99808
,,,,,,0.999841536,-0.9569556330000001,-2.854770266000001,0.1802,4.452799999999999,9.265200000000004,'Q',87,128.04,129.33141
,,,,,,0,-0.9092289120000001,-2.854770266000001,0.156,4.486899999999999,9.219900000000003,'N',87,128.37,129.66474
,,,,,,0,-0.861502191,-2.854770266000001,0.1296,4.494599999999999,9.170900000000005,'C',87,128.7,129.99807
,,,,,,-0.047726721,-0.9092289120000001,-2.902371110000001,0.1219,4.516199999999999,9.088300000000002,'D',87,129.03,130.3314
,,,,,,-0.999206302,-2.908276750000001,-2.903568701000001,0.1226,4.458599999999999,9.068200000000003,'Q',87,129.36,130.66473
,,,,,,0,-1.909070448,-2.903442824000001,0.156,4.491999999999999,9.019700000000002,'F',87,129.69,130.99806
,,,,,,0,-0.9098641460000001,-2.903442824000001,0.2013,4.5707,9.120800000000003,'E',87,130.02,131.33139
,,,,,,-0.9980087110000001,-1.907872857,-4.901448373000001,0.1427,4.578799999999999,9.052000000000003,'K',87,130.35,131.66472
,,,,,,0.999841536,-0.9989404120000001,-4.901603675000001,0.1802,4.5949,9.020700000000003,'L',87,130.68,131.99805
,,,,,,0,-0.9989404120000001,-4.992512766000002,0.1786,4.673199999999999,9.035200000000003,'G',87,131.01,132.33138
,,,,,,0,-0.9512136910000001,-4.992512766000002,0.0718,4.623099999999999,8.972400000000004,'E',87,131.34,132.66471
,,,,,,-0.9980087110000001,-1.949096525,-4.992512766000001,0.1427,4.561299999999999,8.972400000000006,'Y',87,131.67,132.99804
,,,,,,-0.000125877,-1.949222402,-4.992512766000002,0.2045,4.6656,8.972400000000006,'G',87,132,133.33137
,,,,,,0,-1.949222402,-4.992512766000002,0.0718,4.609799999999999,8.943900000000003,'F',87,132.33,133.6647
,,,,,,0,-1.949222402,-4.992512766000002,0.2013,4.660299999999999,8.994400000000001,'Q',87,132.66,133.99803
,,,,,,0,-1.949222402,-4.992512766000002,0.156,4.615,9.0502,'N',87,132.99,134.33136
,,,,,,0,-0.9500160999999999,-4.992512766000002,0.1296,4.622,9.029000000000002,'A',87,133.32,134.66469
,,,,,,0,-1.949857636,-4.992512766000002,0.1003,4.5421,8.950700000000003,'L',87,133.65,134.99802
,,,,,,0,-1.949857636,-4.992512766000002,0.1786,4.5421,8.950700000000003,'I',87,133.98,135.33135
,,,,,,0,-2.949699171999999,-5.992509604000001,0.1786,4.5405,8.917800000000003,'V',87,134.31,135.66468
,,,,,,0,-3.040608263,-5.992509604000001,0.1508,4.527200000000001,8.890000000000002,'R',87,134.64,135.99801
,,,,,,0.9999968380000001,-2.040611425,-4.992512766000001,0.2115,4.5601,9.001200000000003,'Y',87,134.97,136.33134
,,,,,,-0.000125877,-2.040737302,-5.992480179,0.2045,4.6138,9.025500000000001,'T',87,135.3,136.66467
,,,,,,0,-1.041531,-4.994471468000001,0.1276,4.6188,9.010400000000002,'R',87,135.63,136.998
,,,,,,0.9999968380000001,0.9564745490000001,-3.994348753000002,0.2115,4.687600000000001,9.017400000000004,'K',87,135.96,137.33133
,,,,,,0.999841536,1.956316085,-1.996498506000001,0.1802,4.733200000000001,9.054900000000004,'V',87,136.29,137.66466
,,,,,,0,1.956316085,-1.996498506000001,0.1508,4.728000000000001,9.105400000000003,'P',87,136.62,137.99799
,,,,,,0,1.956316085,-1.996498506000001,0.1346,4.733,9.112400000000003,'Q',87,136.95,138.33132
,,,,,,0,1.956316085,-1.996498506000001,0.156,4.710400000000001,9.089800000000002,'V',87,137.28,138.66465
,,,,,,0,1.956316085,-0.998489795000001,0.1508,4.682600000000001,9.097900000000001,'S',87,137.61,138.99798
,,,,,,0,0.9564745490000001,-0.000481084,0.1002,4.602600000000001,9.055400000000002,'T',87,137.94,139.33131
,,,,,,0,0.9564745490000001,0.047245637,0.1276,4.574200000000001,9.061100000000001,'P',87,138.27,139.66464
,,,,,,0,0.9564745490000001,0.09497235800000001,0.1346,4.579200000000001,9.073800000000002,'T',87,138.6,139.99797
,,,,,,0,1.00420127,0.09497235800000001,0.1276,4.584900000000001,9.101100000000002,'L',87,138.93,140.3313
,,,,,,0,2.003407572,-0.9048691780000001,0.1786,4.6409,9.099500000000004,'V',87,139.26,140.66463
,,,,,,0,2.003407572,0.09433712400000001,0.1508,4.635700000000001,9.127700000000003,'E',87,139.59,140.99796
,,,,,,-0.9980087110000001,1.005398861,0.09553471500000001,0.1427,4.5771,9.147800000000005,'V',87,139.92,141.33129
,,,,,,0,2.003407572,0.09553471500000001,0.1508,4.585199999999999,9.164000000000001,'S',87,140.25,141.66462
,,,,,,0,1.003566036,0.004625624,0.1002,4.505199999999999,9.100100000000003,'R',87,140.58,141.99795
,,,,,,0.9999968380000001,2.003562874,1.004622462,0.2115,4.538099999999999,9.211300000000003,'S',87,140.91,142.33128
,,,,,,0,2.003562874,1.052349183,0.1002,4.566499999999999,9.189600000000004,'L',87,141.24,142.66461
,,,,,,0,3.001571585,1.05247506,0.1786,4.6024,9.163700000000002,'G',87,141.57,142.99794
,,,,,,0,3.001697462,1.05247506,0.0718,4.4697,9.135300000000004,'K',87,141.9,143.33127
,,,,,,0.999841536,4.001538998,2.052316596,0.1802,4.5781,9.187900000000004,'V',87,142.23,143.6646
,,,,,,0,4.001538998,2.052316596,0.1508,4.5276,9.187900000000003,'G',87,142.56,143.99793
,,,,,,0,4.001538998,2.052316596,0.0718,4.4434,9.058400000000002,'T',87,142.89,144.33126
,,,,,,0,4.001538998,3.051522898,0.1276,4.441400000000001,9.063400000000003,'R',87,143.22,144.66459
,,,,,,0.9999968380000001,5.001535836,3.0516782,0.2115,4.552599999999999,9.094700000000001,'C',87,143.55,144.99792
,,,,,,-0.047726721,4.953809115,3.003951479,0.1219,4.495900000000001,9.038000000000002,'C',87,143.88,145.33125
,,,,,,-0.047726721,4.906082394,1.956383222,0.1219,4.439199999999999,8.979700000000001,'T',87,144.21,145.66458
,,,,,,0,4.906082394,1.865474131,0.1276,4.415999999999999,8.943200000000003,'K',87,144.54,145.99791
,,,,,,0.999841536,4.905927092000001,2.865315667,0.1802,4.3847,8.944800000000004,'P',87,144.87,146.33124
,,,,,,0,4.906052969,2.865315667,0.1346,4.3148,8.928600000000005,'E',87,145.2,146.66457
,,,,,,-0.9980087110000001,3.908044258,2.866513258,0.1427,4.3299,8.948700000000002,'S',87,145.53,146.9979
,,,,,,0,2.90804742,3.864521969,0.1002,4.218599999999999,8.906200000000004,'E',87,145.86,147.33123
,,,,,,-0.9980087110000001,0.910197173,2.866513258,0.1427,4.1811,8.914300000000006,'R',87,146.19,147.66456
,,,,,,0.9999968380000001,1.910194011,3.866510096,0.2115,4.2418,8.969800000000006,'M',87,146.52,147.99789
,,,,,,0,1.910194011,3.866510096,0.1749,4.282099999999999,9.015100000000004,'P',87,146.85,148.33122
,,,,,,0,1.910194011,3.866510096,0.1346,4.2607,8.971100000000003,'C',87,147.18,148.66455
,,,,,,-0.047726721,1.86246729,3.818783375,0.1219,4.231799999999999,8.914400000000002,'T',87,147.51,148.99788
,,,,,,0,1.86246729,2.818941839,0.1276,4.2592,8.861800000000002,'E',87,147.84,149.33121
,,,,,,-0.9980087110000001,0.864458579,1.820933128,0.1427,4.274299999999999,8.848500000000003,'D',87,148.17,149.66454
,,,,,,-0.999206302,-0.134747723,0.821726826,0.1226,4.262299999999999,8.841500000000003,'Y',87,148.5,149.99787
,,,,,,-0.000125877,-0.1348736,0.86932767,0.2045,4.339199999999999,8.924100000000003,'L',87,148.83,150.3312
,,,,,,0,-0.1348736,1.868533972,0.1786,4.339199999999999,8.980100000000002,'S',87,149.16,150.66453
,,,,,,0,-0.1348736,1.868533972,0.1002,4.288599999999999,8.924300000000002,'L',87,149.49,150.99786
,,,,,,0,0.8631351110000001,1.868533972,0.1786,4.324499999999999,8.9016,'I',87,149.82,151.33119
,,,,,,0,0.8631351110000001,2.866542683000001,0.1786,4.3523,8.937500000000002,'L',87,150.15,151.66452
,,,,,,0,0.8631351110000001,1.866701147,0.1786,4.430699999999999,8.935900000000002,'N',87,150.48,151.99785
,,,,,,0,-0.136861727,1.866701147,0.1296,4.3488,8.886900000000001,'R',87,150.81,152.33118
,,,,,,0.9999968380000001,0.8631351110000001,2.866697985,0.2115,4.4601,9.0266,'L',87,151.14,152.66451
,,,,,,0,0.8631351110000001,3.864706696000002,0.1786,4.4601,9.062500000000002,'C',87,151.47,152.99784
,,,,,,-0.047726721,0.81540839,3.817105852000001,0.1219,4.510199999999999,8.979900000000001,'V',87,151.8,153.33117
,,,,,,0,-0.184433146,3.817105852000001,0.1508,4.480799999999999,9.058900000000001,'L',87,152.13,153.6645
,,,,,,0,-0.184433146,3.817105852000001,0.1786,4.508599999999999,9.036200000000001,'H',87,152.46,153.99783
,,,,,,0.09090909100000001,-0.09352405500000001,3.908014943000001,0.1641,4.6009,9.044300000000002,'E',87,152.79,154.33116
,,,,,,-0.9980087110000001,-1.091532766,2.910006232000001,0.1427,4.616,9.057400000000001,'K',87,153.12,154.66449
,,,,,,0.999841536,-1.091688068,3.909847768000001,0.1802,4.5847,9.137300000000002,'T',87,153.45,154.99782
,,,,,,0,-1.043961347,3.909847768000001,0.1276,4.590400000000001,9.086300000000003,'P',87,153.78,155.33115
,,,,,,0,-0.996234626,3.909847768000001,0.1346,4.6031,9.042300000000003,'V',87,154.11,155.66448
,,,,,,0,-0.996234626,3.909847768000001,0.1508,4.626300000000001,9.042300000000003,'S',87,154.44,155.99781
,,,,,,0,-1.996076162,2.90985093,0.1002,4.5463,8.931000000000004,'E',87,154.77,156.33114
,,,,,,-0.9980087110000001,-2.994084873,1.911968096,0.1427,4.554399999999999,8.869200000000003,'K',87,155.1,156.66447
,,,,,,0.999841536,-0.996234626,2.911809632,0.1802,4.5919,8.921800000000003,'V',87,155.43,156.9978
,,,,,,0,-0.996234626,1.911812794,0.1508,4.642499999999999,8.861100000000004,'T',87,155.76,157.33113
,,,,,,0,0.001774085,0.911971258,0.1276,4.627400000000001,8.808500000000004,'K',87,156.09,157.66446
,,,,,,0.999841536,0.001618783,1.911812794,0.1802,4.5961,8.837900000000003,'C',87,156.42,157.99779
,,,,,,-0.047726721,-0.046107938,1.864086073,0.1219,4.543099999999998,8.825200000000002,'C',87,156.75,158.33112
,,,,,,-0.047726721,-0.093834659,1.816359352,0.1219,4.530399999999999,8.791100000000002,'T',87,157.08,158.66445
,,,,,,0,-0.046107938,1.816359352,0.1276,4.536099999999998,8.767900000000003,'E',87,157.41,158.99778
,,,,,,-0.9980087110000001,-1.044116649,0.8183506410000001,0.1427,4.551199999999997,8.810400000000003,'S',87,157.74,159.33111
,,,,,,0,-0.046107938,0.8183506410000001,0.1002,4.508699999999999,8.783000000000003,'L',87,158.07,159.66444
,,,,,,0,0.953098364,0.8183506410000001,0.1786,4.564699999999999,8.827000000000004,'V',87,158.4,159.99777
,,,,,,0,0.953224241,0.8183506410000001,0.1508,4.510999999999999,8.850200000000003,'N',87,158.73,160.3311
,,,,,,0,0.953224241,0.8183506410000001,0.1296,4.462,8.801200000000003,'R',87,159.06,160.66443
,,,,,,0.9999968380000001,1.953221079,1.818347479,0.2115,4.5733,8.8619,'R',87,159.39,160.99776
,,,,,,0.9999968380000001,2.953217917,3.816353028,0.2115,4.606199999999999,8.9307,'P',87,159.72,161.33109
,,,,,,0,2.953217917,3.816353028,0.1346,4.562199999999999,8.914500000000002,'C',87,160.05,161.66442
,,,,,,-0.047726721,2.905491196,3.768626307,0.1219,4.5055,8.936200000000001,'F',87,160.38,161.99775
,,,,,,0,2.905491196,2.768629469,0.2013,4.577199999999999,8.926,'S',87,160.71,162.33108
,,,,,,0,1.905494358,2.768629469,0.1002,4.4659,8.926,'A',87,161.04,162.66441
,,,,,,0,1.905494358,2.768629469,0.1003,4.387599999999999,8.8477,'L',87,161.37,162.99774
,,,,,,0,1.953221079,2.768629469,0.1786,4.4443,8.954499999999999,'T',87,161.7,163.33107
,,,,,,0,1.953221079,1.768787933,0.1276,4.4211,8.901900000000001,'P',87,162.03,163.6644
,,,,,,0,1.953221079,1.768787933,0.1346,4.3771,8.8857,'D',87,162.36,163.99773
,,,,,,-0.999206302,0.863105686,0.7695816310000001,0.1226,4.3356,8.936500000000002,'E',87,162.69,164.33106
,,,,,,-0.9980087110000001,0.863105686,-0.22842708,0.1427,4.3356,8.951600000000003,'T',87,163.02,164.66439
,,,,,,0,-0.13673585,-1.228423918,0.1276,4.283000000000001,8.867700000000003,'Y',87,163.35,164.99772
,,,,,,-0.000125877,-0.136861727,-1.180823074,0.2045,4.359900000000001,8.950300000000002,'V',87,163.68,165.33105
,,,,,,0,-0.136861727,-1.133096353,0.1508,4.376099999999999,8.979200000000002,'P',87,164.01,165.66438
,,,,,,0,-0.136861727,-1.133096353,0.1346,4.359900000000001,8.986200000000002,'K',87,164.34,165.99771
,,,,,,0.999841536,0.862979809,-1.133096353,0.1802,4.439900000000001,8.9862,'A',87,164.67,166.33104
,,,,,,0,1.86098852,-1.133096353,0.1003,4.397499999999999,8.9519,'F',87,165,166.66437
,,,,,,0,0.861146984,-0.135087641999999,0.2013,4.418600000000001,9.0105,'D',87,165.33,166.9977
,,,,,,-0.999206302,-0.138059318,-1.134293944,0.1226,4.390400000000001,9.032900000000001,'E',87,165.66,167.33103
,,,,,,-0.9980087110000001,-1.136068029,-1.134293944,0.1427,4.4055,9.032900000000001,'K',87,165.99,167.66436
,,,,,,0.999841536,-1.136068029,-1.134449246,0.1802,4.405499999999999,9.001600000000002,'L',87,166.32,167.99769
,,,,,,0,-1.088341308,-1.134449246,0.1786,4.4622,9.005300000000004,'F',87,166.65,168.33102
,,,,,,0,-1.040614587,-1.134449246,0.2013,4.541600000000001,9.072000000000005,'T',87,166.98,168.66435
,,,,,,0,-1.040614587,-1.086722525,0.1276,4.541600000000001,9.077700000000002,'F',87,167.31,168.99768
,,,,,,0,-0.042605876,-1.086722525,0.2013,4.6002,9.151400000000001,'H',87,167.64,169.33101
,,,,,,0.09090909100000001,0.048303215,0.002195277,0.1641,4.6641,9.172800000000002,'A',87,167.97,169.66434
,,,,,,0,0.048303215,1.001401579,0.1003,4.5858,9.150499999999999,'D',87,168.3,169.99767
,,,,,,-0.999206302,-0.950903087,0.002321154,0.1226,4.557600000000001,9.068600000000002,'I',87,168.63,170.331
,,,,,,0,-0.950903087,0.002321154,0.1786,4.6066,9.068600000000002,'C',87,168.96,170.66433
,,,,,,-0.047726721,-1.998626646,-0.045405567,0.1219,4.517,9.090300000000001,'T',87,169.29,170.99766
,,,,,,0,-2.998623484000001,-0.045405567,0.1276,4.4331,9.039300000000003,'L',87,169.62,171.33099
,,,,,,0,-2.998623484000001,-0.045405567,0.1786,4.4771,9.039300000000003,'P',87,169.95,171.66432
,,,,,,0,-2.950896763000001,-0.045405567,0.1346,4.4898,8.995300000000004,'D',87,170.28,171.99765
,,,,,,-0.999206302,-3.950103065000001,-1.044611869,0.1226,4.4111,8.988300000000004,'T',87,170.61,172.33098
,,,,,,0,-3.950103065000001,-2.044608707,0.1276,4.4385,8.904400000000006,'E',87,170.94,172.66431
,,,,,,-0.9980087110000001,-4.948111776000001,-3.042617418,0.1427,4.4809,8.868500000000006,'K',87,171.27,172.99764
,,,,,,0.999841536,-3.948270240000001,-1.995049161,0.1802,4.482499999999999,8.926800000000007,'Q',87,171.6,173.33097
,,,,,,0,-3.948270240000001,-1.995049161,0.156,4.5109,8.932000000000007,'I',87,171.93,173.6643
,,,,,,0,-3.948270240000001,-1.995049161,0.1786,4.554900000000001,8.932000000000007,'K',87,172.26,173.99763
,,,,,,0.999841536,-1.949222402,-1.086116716,0.1802,4.612499999999999,8.948100000000007,'K',87,172.59,174.33096
,,,,,,0.999841536,0.048627845,0.9117335310000001,0.1802,4.649999999999999,8.985600000000007,'Q',87,172.92,174.66429
,,,,,,0,0.048627845,-0.088108005,0.156,4.6784,8.961400000000006,'T',87,173.25,174.99762
,,,,,,0,0.04875372200000001,-0.088108005,0.1276,4.601499999999999,8.961400000000005,'A',87,173.58,175.33095
,,,,,,0,0.04875372200000001,-0.088108005,0.1003,4.550999999999999,8.927100000000005,'L',87,173.91,175.66428
,,,,,,0,0.04875372200000001,-0.088108005,0.1786,4.594999999999999,8.954900000000006,'V',87,174.24,175.99761
,,,,,,0,-0.9510878140000001,-0.088108005,0.1508,4.5656,9.005500000000003,'E',87,174.57,176.33094
,,,,,,-0.9980087110000001,-1.949096525,-0.088108005,0.1427,4.607999999999999,9.005500000000003,'L',87,174.9,176.66427
,,,,,,0,-1.949096525,-1.087949541,0.1786,4.585299999999999,9.003900000000003,'L',87,175.23,176.9976
,,,,,,0,-0.949890223,-1.087949541,0.1786,4.641299999999999,9.031700000000003,'K',87,175.56,177.33093
,,,,,,0.999841536,1.047960024,-0.088108005,0.1802,4.678799999999999,9.084300000000004,'H',87,175.89,177.66426
,,,,,,0.09090909100000001,0.139027579,-0.99704045,0.1641,4.6627,9.068200000000004,'K',87,176.22,177.99759
,,,,,,0.999841536,1.138869115,0.050527807,0.1802,4.664299999999999,9.126500000000007,'P',87,176.55,178.33092
,,,,,,0,1.138869115,0.09825452800000001,0.1346,4.597599999999999,9.139200000000004,'K',87,176.88,178.66425
,,,,,,0.999841536,2.138710651,1.098096064,0.1802,4.650199999999999,9.191800000000006,'A',87,177.21,178.99758
,,,,,,0,2.138710651,2.096104775,0.1003,4.5492,9.149400000000005,'T',87,177.54,179.33091
,,,,,,0,2.04780156,2.096104775,0.1276,4.5127,9.176800000000007,'E',87,177.87,179.66424
,,,,,,-0.9980087110000001,1.049792849,1.098096064,0.1427,4.555099999999999,9.140900000000006,'E',87,178.2,179.99757
,,,,,,-0.9980087110000001,1.05099044,0.100087353,0.1427,4.575199999999999,9.132800000000007,'Q',87,178.53,180.3309
,,,,,,0,1.05099044,0.100087353,0.156,4.552599999999999,9.159200000000002,'L',87,178.86,180.66423
,,,,,,0,1.098717161,-0.899909485,0.1786,4.609299999999999,9.126300000000004,'K',87,179.19,180.99756
,,,,,,0.999841536,2.098558697,-0.900064787000001,0.1802,4.661899999999999,9.095000000000006,'T',87,179.52,181.33089
,,,,,,0,2.098558697,-0.900064787000001,0.1276,4.6109,9.088000000000006,'V',87,179.85,181.66422
,,,,,,0,2.098558697,-0.8523380660000011,0.1508,4.627099999999999,9.116900000000003,'M',87,180.18,181.99755
,,,,,,0,3.097764999000001,-0.8523380660000011,0.1749,4.679399999999999,9.090500000000002,'E',87,180.51,182.33088
,,,,,,-0.9980087110000001,2.099756288000001,-1.850346777000001,0.1427,4.694499999999999,9.133000000000003,'N',87,180.84,182.66421
,,,,,,0,3.097764999000001,-1.850346777000001,0.1296,4.681399999999998,9.162300000000004,'F',87,181.17,182.99754
,,,,,,0,2.097923463000001,-1.850346777000001,0.2013,4.702499999999999,9.185000000000002,'V',87,181.5,183.33087
,,,,,,0,2.097923463000001,-1.850346777000001,0.1508,4.6973,9.208200000000001,'A',87,181.83,183.6642
,,,,,,0,2.097923463000001,-1.850346777000001,0.1003,4.619,9.1739,'F',87,182.16,183.99753
,,,,,,0,1.098081927,-0.851140475,0.2013,4.640099999999999,9.252600000000001,'V',87,182.49,184.33086
,,,,,,0,0.09824039100000001,0.146868236,0.1508,4.6107,9.260699999999998,'D',87,182.82,184.66419
,,,,,,-0.999206302,-0.900965911,-0.8523380660000001,0.1226,4.5773,9.255699999999999,'K',87,183.15,184.99752
,,,,,,0.999841536,0.09887562500000001,0.147629347,0.1802,4.6299,9.231399999999999,'C',87,183.48,185.33085
,,,,,,-0.047726721,0.051148904,0.09990262600000001,0.1219,4.6515,9.202500000000001,'C',87,183.81,185.66418
,,,,,,-0.047726721,0.003422183,0.052175905,0.1219,4.5948,9.189800000000002,'A',87,184.14,185.99751
,,,,,,0,0.003422183,-0.947665631,0.1003,4.5443,9.1099,'A',87,184.47,186.33084
,,,,,,0,1.001430894,-0.947665631,0.1003,4.501900000000001,9.1099,'D',87,184.8,186.66417
,,,,,,-0.999206302,0.002224592,-1.946871933,0.1226,4.445900000000002,9.0312,'D',87,185.13,186.9975
,,,,,,-0.999206302,-0.99698171,-1.946871933,0.1226,4.389900000000002,9.0312,'K',87,185.46,187.33083
,,,,,,0.999841536,-0.99698171,0.050978314,0.1802,4.389900000000001,9.068700000000002,'E',87,185.79,187.66416
,,,,,,-0.9980087110000001,-2.085899512,-1.946871933,0.1427,4.368500000000001,9.031200000000002,'A',87,186.12,187.99749
,,,,,,0,-3.085741048,-1.946871933,0.1003,4.288600000000001,8.952900000000001,'C',87,186.45,188.33082
,,,,,,-0.047726721,-3.133467769,-1.994598654,0.1219,4.275900000000001,8.873500000000002,'F',87,186.78,188.66415
,,,,,,0,-4.133309305,-1.994598654,0.2013,4.297,8.9472,'A',87,187.11,188.99748
,,,,,,0,-4.133309305,-1.994598654,0.1003,4.297,8.8462,'V',87,187.44,189.33081
,,,,,,0,-4.133309305,-2.085507745,0.1508,4.320200000000001,8.832899999999999,'E',87,187.77,189.66414
,,,,,,-0.9980087110000001,-4.133309305,-3.083516456,0.1427,4.3202,8.875300000000001,'G',87,188.1,189.99747
,,,,,,0,-3.135300594,-2.084310154,0.0718,4.2493,8.824499999999999,'P',87,188.43,190.3308
,,,,,,0,-3.135300594,-2.084310154,0.1346,4.227900000000001,8.7805,'K',87,188.76,190.66413
,,,,,,0.999841536,-2.135459058,-1.036741897,0.1802,4.229500000000001,8.838800000000001,'L',87,189.09,190.99746
,,,,,,0,-3.135300594,-1.036741897,0.1786,4.227900000000001,8.889800000000001,'V',87,189.42,191.33079
,,,,,,,-3.135300594,-1.036741897,0.1508,4.2511,8.862,'V',87,189.75,191.66412
,,,,,,,-3.135300594,-1.036741897,0.1508,4.2511,8.8782,'S',87,190.08,191.99745
,,,,,,,-3.135300594,-0.037535595,0.1002,4.1764,8.8558,'T',87,190.41,192.33078
,,,,,,,-2.137291883,-0.037535595,0.1276,4.1613,8.8558,'Q',87,190.74,192.66411
,,,,,,,-2.137291883,0.9604731160000001,0.156,4.1877,8.8691,'T',87,191.07,192.99744
,,,,,,,-2.137291883,-0.03936842,0.1276,4.114,8.816500000000001,'A',87,191.4,193.33077
,,,,,,,-2.137291883,-0.03936842,0.1003,4.0635,8.760800000000003,'L',87,191.73,193.6641
,,,,,,,-2.137291883,-0.03936842,0.1786,4.1418,8.760800000000001,'A',87,192.06,193.99743
,,,,,,,-2.137291883,-1.039209956,0.1003,4.0408,8.680899999999999,,87,192.39,194.33076
,,,,,,,-2.137291883,-2.039051492,0,3.89,8.5007,,87,192.72,194.66409
,,,,,,,-1.138085581,-2.039051492,,3.7674,8.344700000000001,,87,193.05,194.99742
,,,,,,,-2.137927117,-2.039051492,,3.5872,8.217100000000002,,87,193.38,195.33075
,,,,,,,-2.090200396,-2.039051492,,3.4653,8.116800000000001,,87,193.71,195.66408
,,,,,,,-2.042473675,-2.039051492,,3.3434,7.938200000000004,,87,194.04,195.99741
,,,,,,,-2.042473675,-2.039051492,,3.243100000000001,7.787400000000003,,87,194.37,196.33074
,,,,,,,-2.042473675,-1.041042781,,3.1428,7.644700000000004,,87,194.7,196.66407
,,,,,,,-1.043267373,-1.041042781,,3.0202,7.466100000000004,,87,195.03,196.9974
,,,,,,,-0.044061071,-1.041042781,,2.8976,7.287500000000003,,87,195.36,197.33073
,,,,,,,-1.043902607,-2.040884317,,2.7174,7.107300000000002,,87,195.69,197.66406
,,,,,,,-0.045893896,-2.131793408,,2.5747,6.943200000000004,,87,196.02,197.99739
,,,,,,,-0.045893896,-3.131634944,,2.4744,6.763000000000003,,87,196.35,198.33072
,,,,,,,0.001832825,-3.131634944,,2.3525,6.628400000000002,,87,196.68,198.66405
,,,,,,,0.001832825,-4.13147648,,2.1512,6.448200000000003,,87,197.01,198.99738
,,,,,,,0.001832825,-4.13147648,,2.050899999999999,6.347900000000002,,87,197.34,199.33071
,,,,,,,0.001832825,-4.13147648,,1.9001,6.220300000000002,,87,197.67,199.66404
,,,,,,,0.999841536,-3.133467769,,1.7574,6.077600000000001,,87,198,199.99737
,,,,,,,0.999841536,-2.135459058,,1.6856,5.934900000000002,,87,198.33,200.3307
,,,,,,,0.999841536,-2.135459058,,1.551,5.778900000000001,,87,198.66,200.66403
,,,,,,,,-2.135459058,,1.3708,5.600300000000002,,87,198.99,200.99736
,,,,,,,,-3.135300594,,1.1922,5.420100000000001,,87,199.32,201.33069
,,,,,,,,-3.135300594,,1.0414,5.292500000000002,,87,199.65,201.66402
,,,,,,,,-3.135300594,,0.8905999999999998,5.141700000000002,,87,199.98,201.99735
,,,,,,,,-3.135300594,,0.7904000000000001,4.966800000000002,,87,200.31,202.33068
,,,,,,,,-2.137291883,,0.6628000000000001,4.8241,,87,200.64,202.66401
,,,,,,,,-2.137291883,,0.5068,4.694500000000001,,87,200.97,202.99734
,,,,,,,,-2.137291883,,0.3792,4.493200000000001,,87,201.3,203.33067
,,,,,,,,-2.137291883,,0.2789,4.3424,,87,201.63,203.664
,,,,,,,,-2.137291883,,0.1003,4.242100000000001,,87,201.96,203.99733
,,,,,,,,-2.137291883,,0,4.0408,,87,202.29,204.33066
,,,,,,,,-2.137291883,,,3.89,,87,202.62,204.66399
,,,,,,,,-1.138085581,,,3.7674,,87,202.95,204.99732
,,,,,,,,-2.137927117,,,3.5872,,87,203.28,205.33065
,,,,,,,,-2.090200396,,,3.4653,,87,203.61,205.66398
,,,,,,,,-2.042473675,,,3.3434,,87,203.94,205.99731
,,,,,,,,-2.042473675,,,3.243100000000001,,87,204.27,206.33064
,,,,,,,,-2.042473675,,,3.1428,,87,204.6,206.66397
,,,,,,,,-1.043267373,,,3.0202,,87,204.93,206.9973
,,,,,,,,-0.044061071,,,2.8976,,87,205.26,207.33063
,,,,,,,,-1.043902607,,,2.7174,,87,205.59,207.66396
,,,,,,,,-0.045893896,,,2.5747,,87,205.92,207.99729
,,,,,,,,-0.045893896,,,2.4744,,87,206.25,208.33062
,,,,,,,,0.001832825,,,2.3525,,87,206.58,208.66395
,,,,,,,,0.001832825,,,2.1512,,87,206.91,208.99728
,,,,,,,,0.001832825,,,2.050899999999999,,87,207.24,209.33061
,,,,,,,,0.001832825,,,1.9001,,87,207.57,209.66394
,,,,,,,,0.999841536,,,1.7574,,87,207.9,209.99727
,,,,,,,,0.999841536,,,1.6856,,87,208.23,210.3306
,,,,,,,,0.999841536,,,1.551,,87,208.56,210.66393
,,,,,,,,0,,,1.3708,,87,208.89,210.99726
,,,,,,,,,,,1.1922,,87,209.22,211.33059
,,,,,,,,,,,1.0414,,87,209.55,211.66392
,,,,,,,,,,,0.8905999999999998,,87,209.88,211.99725
,,,,,,,,,,,0.7904000000000001,,87,210.21,212.33058
,,,,,,,,,,,0.6628000000000001,,87,210.54,212.66391
,,,,,,,,,,,0.5068,,87,210.87,212.99724
,,,,,,,,,,,0.3792,,87,211.2,213.33057
,,,,,,,,,,,0.2789,,87,211.53,213.6639
,,,,,,,,,,,0.1003,,87,211.86,213.99723
,,,,,,,,,,,0,,87,212.19,214.33056
,,,,,,,,,,,,,87,212.52,214.66389
,,,,,,,,,,,,,87,212.85,214.99722
,,,,,,,,,,,,,87,213.18,215.33055
,,,,,,,,,,,,,87,213.51,215.66388
,,,,,,,,,,,,,87,213.84,215.99721
,,,,,,,,,,,,,87,214.17,216.33054
,,,,,,,,,,,,,87,214.5,216.66387
,,,,,,,,,,,,,87,214.83,216.9972
,,,,,,,,,,,,,87,215.16,217.33053
,,,,,,,,,,,,,87,215.49,217.66386
,,,,,,,,,,,,,87,215.82,217.99719
,,,,,,,,,,,,,87,216.15,218.33052
,,,,,,,,,,,,,87,216.48,218.66385
,,,,,,,,,,,,,87,216.81,218.99718
,,,,,,,,,,,,,87,217.14,219.33051
,,,,,,,,,,,,,87,217.47,219.66384
,,,,,,,,,,,,,87,217.8,219.99717
,,,,,,,,,,,,,87,218.13,220.3305
,,,,,,,,,,,,,87,218.46,220.66383
,,,,,,,,,,,,,87,218.79,220.99716
,,,,,,,,,,,,,87,219.12,221.33049
,,,,,,,,,,,,,87,219.45,221.66382
,,,,,,,,,,,,,87,219.78,221.99715
,,,,,,,,,,,,,87,220.11,222.33048
,,,,,,,,,,,,,87,220.44,222.66381
,,,,,,,,,,,,,87,220.77,222.99714
,,,,,,,,,,,,,87,221.1,223.33047
,,,,,,,,,,,,,87,221.43,223.6638
,,,,,,,,,,,,,87,221.76,223.99713
,,,,,,,,,,,,,87,222.09,224.33046
,,,,,,,,,,,,,87,222.42,224.66379
,,,,,,,,,,,,,87,222.75,224.99712
,,,,,,,,,,,,,87,223.08,225.33045
,,,,,,,,,,,,,87,223.41,225.66378
,,,,,,,,,,,,,87,223.74,225.99711
,,,,,,,,,,,,,87,224.07,226.33044
,,,,,,,,,,,,,87,224.4,226.66377
,,,,,,,,,,,,,87,224.73,226.9971
,,,,,,,,,,,,,87,225.06,227.33043
,,,,,,,,,,,,,87,225.39,227.66376
,,,,,,,,,,,,,87,225.72,227.99709
,,,,,,,,,,,,,87,226.05,228.33042
,,,,,,,,,,,,,87,226.38,228.66375
,,,,,,,,,,,,,87,226.71,228.99708
,,,,,,,,,,,,,87,227.04,229.33041
,,,,,,,,,,,,,87,227.37,229.66374
,,,,,,,,,,,,,87,227.7,229.99707
,,,,,,,,,,,,,87,228.03,230.3304
,,,,,,,,,,,,,87,228.36,230.66373
,,,,,,,,,,,,,87,228.69,230.99706
,,,,,,,,,,,,,87,229.02,231.33039
,,,,,,,,,,,,,87,229.35,231.66372
,,,,,,,,,,,,,87,229.68,231.99705
,,,,,,,,,,,,,87,230.01,232.33038
,,,,,,,,,,,,,87,230.34,232.66371
,,,,,,,,,,,,,87,230.67,232.99704
,,,,,,,,,,,,,87,231,233.33037
,,,,,,,,,,,,,87,231.33,233.6637
,,,,,,,,,,,,,87,231.66,233.99703
,,,,,,,,,,,,,87,231.99,234.33036
,,,,,,,,,,,,,87,232.32,234.66369
,,,,,,,,,,,,,87,232.65,234.99702
,,,,,,,,,,,,,87,232.98,235.33035
,,,,,,,,,,,,,87,233.31,235.66368
,,,,,,,,,,,,,87,233.64,235.99701
,,,,,,,,,,,,,87,233.97,236.33034
,,,,,,,,,,,,,87,234.3,236.66367
,,,,,,,,,,,,,87,234.63,236.997
,,,,,,,,,,,,,87,234.96,237.33033
,,,,,,,,,,,,,87,235.29,237.66366
,,,,,,,,,,,,,87,235.62,237.99699
,,,,,,,,,,,,,87,235.95,238.33032
,,,,,,,,,,,,,87,236.28,238.66365
,,,,,,,,,,,,,87,236.61,238.99698
,,,,,,,,,,,,,87,236.94,239.33031
,,,,,,,,,,,,,87,237.27,239.66364
,,,,,,,,,,,,,87,237.6,239.99697
,,,,,,,,,,,,,87,237.93,240.3303
,,,,,,,,,,,,,87,238.26,240.66363
,,,,,,,,,,,,,87,238.59,240.99696
,,,,,,,,,,,,,87,238.92,241.33029
,,,,,,,,,,,,,87,239.25,241.66362
,,,,,,,,,,,,,87,239.58,241.99695
,,,,,,,,,,,,,87,239.91,242.33028
,,,,,,,,,,,,,87,240.24,242.66361
,,,,,,,,,,,,,87,240.57,242.99694
,,,,,,,,,,,,,87,240.9,243.33027
,,,,,,,,,,,,,87,241.23,243.6636
,,,,,,,,,,,,,87,241.56,243.99693
,,,,,,,,,,,,,87,241.89,244.33026
,,,,,,,,,,,,,87,242.22,244.66359
,,,,,,,,,,,,,87,242.55,244.99692
,,,,,,,,,,,,,87,242.88,245.33025
,,,,,,,,,,,,,87,243.21,245.66358
,,,,,,,,,,,,,87,243.54,245.99691
,,,,,,,,,,,,,87,243.87,246.33024
,,,,,,,,,,,,,87,244.2,246.66357
,,,,,,,,,,,,,87,244.53,246.9969
,,,,,,,,,,,,,87,244.86,247.33023
,,,,,,,,,,,,,87,245.19,247.66356
,,,,,,,,,,,,,87,245.52,247.99689
,,,,,,,,,,,,,87,245.85,248.33022
,,,,,,,,,,,,,87,246.18,248.66355
,,,,,,,,,,,,,87,246.51,248.99688
,,,,,,,,,,,,,87,246.84,249.33021
,,,,,,,,,,,,,87,247.17,249.66354
,,,,,,,,,,,,,87,247.5,249.99687
,,,,,,,,,,,,,87,247.83,250.3302
,,,,,,,,,,,,,87,248.16,250.66353
,,,,,,,,,,,,,87,248.49,250.99686
,,,,,,,,,,,,,87,248.82,251.33019
,,,,,,,,,,,,,87,249.15,251.66352
,,,,,,,,,,,,,87,249.48,251.99685
,,,,,,,,,,,,,87,249.81,252.33018
,,,,,,,,,,,,,87,250.14,252.66351
,,,,,,,,,,,,,87,250.47,252.99684
,,,,,,,,,,,,,87,250.8,253.33017
,,,,,,,,,,,,,87,251.13,253.6635
,,,,,,,,,,,,,87,251.46,253.99683
,,,,,,,,,,,,,87,251.79,254.33016
,,,,,,,,,,,,,87,252.12,254.66349
,,,,,,,,,,,,,87,252.45,254.99682
,,,,,,,,,,,,,87,252.78,255.33015
,,,,,,,,,,,,,87,253.11,255.66348
,,,,,,,,,,,,,87,253.44,255.99681
,,,,,,,,,,,,,87,253.77,256.33014
,,,,,,,,,,,,,87,254.1,256.66347
,,,,,,,,,,,,,87,254.43,256.9968
,,,,,,,,,,,,,87,254.76,257.33013
,,,,,,,,,,,,,87,255.09,257.66346
,,,,,,,,,,,,,87,255.42,257.99679
,,,,,,,,,,,,,87,255.75,258.33012
,,,,,,,,,,,,,87,256.08,258.66345
,,,,,,,,,,,,,87,256.41,258.99678
,,,,,,,,,,,,,87,256.74,259.33011
,,,,,,,,,,,,,87,257.07,259.66344
,,,,,,,,,,,,,87,257.4,259.99677
,,,,,,,,,,,,,87,257.73,260.3301
,,,,,,,,,,,,,87,258.06,260.66343
,,,,,,,,,,,,,87,258.39,260.99676
